District,A-K. Commercial establishments total ,A-K I-II cat.. Commercial establishments (categories I and II) ,A&B. Total commodity trade ,A&B (only I i II cat.). Commodity trade (categories I and II) ,A 3011-3059. Total commodity purchase ,A 3011. Commodity purchase (grain purchase) ,A 3012. Commodity purchase (fruit purchase) ,A 3016. Commodity purchase (timber materials purchase) ,A 3021-3029. Commodity purchase (live animals purchase) ,A 3033. Commodity purchase (raw hides purchase) ,"A 3031-3032, 3034-3039. Commodity purchase (other livestock products purchase) ",A 3052. Commodity purchase (rags purchase) ,"A 3051, 3053-3059. Commodity purchase (scrap purchase) ",B (I-X). Total goods sales ,"B I. 3061-3089. Goods sales (agricultural raw materials, goods for agriculture) ",B I. 3061-3062. Goods sales (agricultural syndicates and cooperatives) ,B I. 3071-3072. Goods sales (grain) ,B I. 3081-3085. Goods sales (live animals) ,B II. 3101-3179. Goods sales (food products) ,"B II. 3101. Goods sales (flour, groats, rice) ",B II. 3102. Goods sales (grain-for-flour/bread exchange) ,B II. 3103. Goods sales (bread) ,B II. 3119. Goods sales (dairy) ,B II. 3121-3123. Goods sales (meat) ,"B II. 3124-3126. Goods sales (fish, herrings) ","B II. 3131-3133. Goods sales (fruits, vegetables) ",B II. 3134. Goods sales (sweets) ,B II. 3151. Goods sales (beer) ,B II. 3159. Goods sales (alcoholic beverages) ,B II. 3161. Goods sales (tobacco products) ,"B II. 3141-3146, 3171-3173. Goods sales (various food articles) ",B III. 3201-3257. Goods sales (clothing articles) ,B III. 3211-3213. Goods sales (fabrics) ,"B III. 3221-3227, 3257. Goods sales (clothing, furs) ","B III. 3231-3239. Goods sales (underwear, haberdashery) ","B III. 3241-3249. Goods sales (hats, caps) ",B III. 3255. Goods sales (footwear) ,"B III. 3251-3254, 3256. Goods sales (leather, leather products) ","B IV. 3261, 3281. Goods sales (furniture, appliances, utensils) ","B IV. 3261, 3267. Goods sales (furniture) ",B IV. 3271. Goods sales (household appliances) ,"B IV. 3272-3273. Goods sales (glass, ceramics) ",B V. 3301-3319. Goods sales (chemical articles) ,B V. 3301. Goods sales (pharmacies) ,B V. 3302. Goods sales (pharmaceutical warehouses) ,B V. 3311-3315. Goods sales (soap shops) ,"B V. 3312, 3318. Goods sales (petroleum products) ","B VI. 3321-3329. Goods sales (paper, paper products) ","B VII. 3331-3335. Goods sales (books, periodicals, art works) ",B VII. 3331-3332. Goods sales (bookstores) ,B VII. 3333. Goods sales (periodicals) ,"B VIII. 3401-3441. Goods sales (iron, metals, products) ",B VIII. 3411-3414. Goods sales (means of communication) ,B VIII. 3415-3419. Goods sales (machines) ,"B VIII. 3421-3429, 3433-3439. Goods sales (tools, instruments) ","B VIII. 3431-3432. Goods sales (watchmaking, jewelry products) ",B VIII. 3441. Goods sales (electrotechnical products) ,B IX. 3461-3485. Goods sales (building and fuel materials) ,"B IX. 3461-3462, 3469. Goods sales (building materials) ","B IX. 3481, 3483-3485. Goods sales (coal, coke and other articles) ","B X. 3191-3199, 3341-3343, 3351-3352, 3486-3488. Goods sales (various and unspecified articles) ","C 3501-3539. Gastronomic establishments, room rental ","C 3501-3509. Gastronomic establishments, room rental (gastronomic establishments) ","C 3521-3529. Gastronomic establishments, room rental (residential room rental) ","C 3511. Gastronomic establishments, room rental (guesthouses, shelters) ","D 3601-3611. Monetary trade, insurance ","E 3612, 3651-3655. Offices of all types (brokerage, excluding travel agencies) ",F 3701-3729. Rental services ,F 3701 (3702). Rental services (agricultural machinery) ,F 3704. Rental services (mangles) ,F 3722. Rental services (books) ,"G 3811-3844 (bez 3833). Transport, communication, forwarding ","G 3841-3843, 3832. Transport, communication, forwarding (public transport) ",H 3961-3879. Entertainment enterprises ,H 3861. Entertainment enterprises (cinematographs) ,"I 3881-3887. Healthcare, hygiene ","I 3881. Healthcare, hygiene (clinics) ","I 3883-3885. Healthcare, hygiene (baths, bathing resorts, spas) ",K 3891-3999. Other and unspecified ,Z 3661-3669. Industrial occupations ,"Ż 3833. Ferries, barges, water networks "
AUGUSTOWSKI,734.0,20.0,618.0,20.0,101.0,44.0,0.0,23.0,7.0,0.0,2.0,5.0,6.0,517.0,8.0,2.0,6.0,0.0,384.0,2.0,0.0,6.0,0.0,60.0,9.0,12.0,19.0,5.0,7.0,12.0,252.0,79.0,22.0,8.0,26.0,2.0,5.0,16.0,7.0,0.0,4.0,1.0,13.0,7.0,4.0,1.0,1.0,2.0,1.0,1.0,0.0,13.0,1.0,4.0,0.0,2.0,3.0,8.0,4.0,1.0,2.0,92.0,81.0,4.0,4.0,2.0,3.0,9.0,3.0,1.0,0.0,5.0,4.0,1.0,1.0,0.0,0.0,0.0,4.0,3.0,0.0
BIAŁOSTOCKI,949.0,4.0,851.0,4.0,97.0,23.0,0.0,14.0,3.0,3.0,6.0,2.0,0.0,754.0,8.0,5.0,1.0,0.0,604.0,0.0,0.0,11.0,2.0,119.0,2.0,2.0,40.0,4.0,22.0,21.0,381.0,95.0,49.0,6.0,17.0,0.0,7.0,16.0,8.0,0.0,5.0,0.0,8.0,0.0,8.0,0.0,0.0,1.0,1.0,1.0,0.0,14.0,0.0,1.0,0.0,0.0,0.0,9.0,3.0,1.0,6.0,92.0,83.0,0.0,8.0,0.0,1.0,1.0,0.0,1.0,0.0,1.0,1.0,0.0,0.0,1.0,0.0,1.0,2.0,1.0,0.0
BIELSKI (BIELSK PODLASKI),1979.0,50.0,1789.0,49.0,250.0,111.0,4.0,29.0,17.0,7.0,40.0,9.0,6.0,1539.0,11.0,2.0,4.0,0.0,1091.0,0.0,0.0,23.0,3.0,197.0,10.0,44.0,51.0,6.0,45.0,8.0,704.0,255.0,81.0,26.0,73.0,7.0,30.0,37.0,31.0,1.0,27.0,3.0,45.0,15.0,12.0,13.0,4.0,8.0,14.0,12.0,2.0,41.0,1.0,6.0,0.0,2.0,1.0,19.0,6.0,3.0,24.0,118.0,108.0,6.0,4.0,0.0,4.0,20.0,11.0,9.0,0.0,8.0,7.0,7.0,3.0,1.0,0.0,1.0,32.0,2.0,1.0
GRODZIEŃSKI,2869.0,106.0,2478.0,87.0,312.0,123.0,10.0,47.0,9.0,10.0,6.0,15.0,8.0,2166.0,35.0,3.0,11.0,0.0,1493.0,5.0,0.0,72.0,29.0,273.0,26.0,74.0,135.0,10.0,48.0,9.0,812.0,308.0,86.0,23.0,109.0,7.0,29.0,53.0,48.0,6.0,34.0,3.0,86.0,17.0,37.0,6.0,23.0,25.0,45.0,12.0,30.0,64.0,3.0,8.0,4.0,7.0,5.0,40.0,28.0,2.0,22.0,256.0,217.0,18.0,17.0,6.0,17.0,30.0,12.0,11.0,1.0,20.0,12.0,12.0,5.0,13.0,8.0,0.0,37.0,43.0,2.0
ŁOMŻYŃSKI,2120.0,54.0,1858.0,45.0,209.0,111.0,1.0,9.0,20.0,7.0,25.0,3.0,18.0,1649.0,16.0,1.0,8.0,0.0,1020.0,2.0,0.0,57.0,3.0,237.0,12.0,39.0,51.0,3.0,11.0,13.0,592.0,385.0,107.0,70.0,84.0,15.0,58.0,50.0,45.0,7.0,26.0,3.0,40.0,12.0,8.0,6.0,13.0,8.0,13.0,12.0,1.0,60.0,4.0,10.0,2.0,9.0,1.0,38.0,19.0,8.0,24.0,184.0,159.0,7.0,2.0,3.0,12.0,24.0,7.0,16.0,1.0,16.0,12.0,8.0,6.0,5.0,0.0,3.0,10.0,5.0,0.0
OSTROŁĘCKI,1087.0,15.0,976.0,15.0,78.0,46.0,0.0,1.0,6.0,5.0,16.0,1.0,2.0,898.0,9.0,3.0,1.0,2.0,578.0,0.0,1.0,19.0,0.0,143.0,5.0,9.0,42.0,3.0,15.0,7.0,334.0,207.0,52.0,33.0,58.0,10.0,29.0,25.0,15.0,0.0,12.0,3.0,13.0,8.0,2.0,1.0,2.0,4.0,6.0,5.0,1.0,24.0,0.0,3.0,0.0,4.0,1.0,27.0,14.0,1.0,15.0,86.0,74.0,4.0,0.0,1.0,2.0,4.0,2.0,2.0,0.0,2.0,2.0,0.0,0.0,3.0,0.0,1.0,13.0,1.0,0.0
OSTROWSKI (OSTRÓW MAZOWIECKA),1118.0,25.0,999.0,19.0,102.0,30.0,0.0,4.0,13.0,4.0,20.0,0.0,6.0,897.0,6.0,2.0,1.0,1.0,606.0,0.0,0.0,23.0,0.0,127.0,5.0,10.0,34.0,1.0,14.0,3.0,389.0,163.0,62.0,17.0,45.0,5.0,10.0,22.0,33.0,4.0,20.0,5.0,27.0,10.0,3.0,8.0,5.0,2.0,5.0,4.0,1.0,28.0,1.0,4.0,0.0,3.0,1.0,19.0,8.0,3.0,8.0,93.0,74.0,3.0,15.0,3.0,4.0,5.0,0.0,5.0,0.0,1.0,1.0,1.0,1.0,0.0,0.0,0.0,12.0,2.0,0.0
SOKÓLSKI,774.0,16.0,663.0,15.0,96.0,35.0,1.0,3.0,2.0,2.0,8.0,10.0,3.0,567.0,9.0,5.0,0.0,1.0,395.0,2.0,0.0,17.0,1.0,57.0,4.0,9.0,17.0,6.0,12.0,8.0,262.0,93.0,32.0,6.0,19.0,6.0,5.0,25.0,18.0,2.0,13.0,1.0,17.0,7.0,6.0,2.0,2.0,1.0,5.0,3.0,2.0,10.0,1.0,0.0,0.0,1.0,0.0,7.0,4.0,0.0,12.0,80.0,72.0,3.0,1.0,2.0,5.0,8.0,8.0,0.0,0.0,9.0,4.0,1.0,1.0,2.0,0.0,0.0,4.0,2.0,0.0
SUWALSKI,1058.0,35.0,884.0,28.0,99.0,42.0,0.0,13.0,10.0,3.0,4.0,0.0,7.0,785.0,7.0,3.0,3.0,0.0,510.0,1.0,0.0,23.0,3.0,75.0,16.0,14.0,7.0,6.0,22.0,7.0,336.0,157.0,38.0,14.0,59.0,5.0,19.0,22.0,20.0,2.0,13.0,0.0,26.0,8.0,6.0,8.0,4.0,9.0,3.0,2.0,1.0,32.0,3.0,4.0,2.0,5.0,1.0,14.0,6.0,0.0,7.0,135.0,130.0,3.0,0.0,5.0,5.0,13.0,7.0,4.0,0.0,8.0,2.0,2.0,2.0,2.0,0.0,2.0,4.0,3.0,0.0
SZCZUCZYŃSKI (WOJ. BIAŁOSTOCKIE),834.0,15.0,763.0,15.0,119.0,74.0,0.0,22.0,9.0,3.0,1.0,0.0,2.0,644.0,5.0,2.0,1.0,0.0,436.0,2.0,0.0,17.0,3.0,94.0,9.0,28.0,17.0,4.0,10.0,4.0,248.0,123.0,37.0,21.0,22.0,2.0,14.0,27.0,20.0,4.0,11.0,2.0,14.0,5.0,3.0,2.0,4.0,5.0,6.0,3.0,3.0,16.0,0.0,5.0,2.0,1.0,0.0,13.0,6.0,3.0,6.0,47.0,43.0,1.0,0.0,1.0,1.0,13.0,6.0,7.0,0.0,2.0,1.0,1.0,1.0,0.0,0.0,0.0,6.0,0.0,0.0
WOŁKOWYSKI,1254.0,36.0,1115.0,35.0,107.0,65.0,0.0,7.0,5.0,4.0,9.0,1.0,2.0,1008.0,5.0,3.0,2.0,0.0,715.0,3.0,0.0,28.0,3.0,127.0,4.0,29.0,37.0,3.0,25.0,12.0,444.0,153.0,64.0,11.0,32.0,2.0,14.0,30.0,21.0,1.0,15.0,1.0,38.0,11.0,15.0,4.0,8.0,5.0,10.0,6.0,4.0,33.0,0.0,3.0,1.0,4.0,3.0,18.0,14.0,1.0,10.0,91.0,79.0,7.0,0.0,5.0,10.0,13.0,12.0,1.0,0.0,8.0,3.0,2.0,1.0,5.0,1.0,0.0,5.0,13.0,0.0
WYSOKOMAZOWIECKI,945.0,12.0,830.0,12.0,120.0,39.0,0.0,1.0,10.0,4.0,35.0,13.0,3.0,710.0,10.0,4.0,1.0,0.0,466.0,1.0,0.0,18.0,1.0,91.0,3.0,9.0,27.0,4.0,16.0,4.0,292.0,145.0,60.0,13.0,30.0,6.0,7.0,29.0,22.0,2.0,16.0,0.0,13.0,6.0,3.0,2.0,2.0,0.0,6.0,6.0,0.0,17.0,0.0,4.0,0.0,0.0,1.0,15.0,9.0,3.0,16.0,83.0,78.0,0.0,1.0,1.0,6.0,17.0,9.0,8.0,0.0,3.0,3.0,1.0,1.0,0.0,0.0,0.0,4.0,5.0,0.0
BIAŁYSTOK (MIASTO),2614.0,190.0,2256.0,149.0,123.0,20.0,4.0,21.0,10.0,10.0,20.0,14.0,11.0,2133.0,24.0,2.0,5.0,0.0,1314.0,5.0,0.0,57.0,49.0,256.0,51.0,34.0,146.0,5.0,29.0,55.0,627.0,404.0,105.0,47.0,148.0,5.0,51.0,43.0,69.0,11.0,35.0,2.0,95.0,8.0,33.0,24.0,17.0,33.0,16.0,9.0,7.0,77.0,2.0,7.0,8.0,17.0,6.0,77.0,33.0,26.0,24.0,195.0,184.0,10.0,0.0,21.0,17.0,31.0,0.0,29.0,0.0,36.0,12.0,17.0,4.0,9.0,5.0,1.0,32.0,71.0,0.0
BĘDZIŃSKI,3706.0,157.0,3387.0,145.0,110.0,1.0,0.0,2.0,20.0,13.0,15.0,8.0,23.0,3277.0,60.0,3.0,28.0,1.0,2172.0,1.0,0.0,33.0,43.0,411.0,21.0,36.0,117.0,8.0,44.0,28.0,1430.0,626.0,209.0,80.0,189.0,23.0,60.0,64.0,76.0,14.0,18.0,15.0,76.0,14.0,23.0,18.0,18.0,39.0,27.0,16.0,11.0,81.0,0.0,3.0,2.0,10.0,6.0,71.0,29.0,20.0,49.0,236.0,226.0,5.0,0.0,11.0,6.0,30.0,0.0,28.0,1.0,10.0,2.0,11.0,8.0,6.0,1.0,3.0,9.0,13.0,0.0
CZĘSTOCHOWSKI,1208.0,1.0,1139.0,1.0,64.0,17.0,5.0,3.0,24.0,5.0,4.0,0.0,0.0,1075.0,27.0,7.0,14.0,2.0,853.0,0.0,8.0,8.0,3.0,111.0,0.0,6.0,3.0,5.0,26.0,3.0,680.0,134.0,44.0,23.0,30.0,2.0,20.0,15.0,3.0,0.0,3.0,0.0,16.0,9.0,1.0,2.0,4.0,2.0,2.0,2.0,0.0,12.0,0.0,1.0,0.0,0.0,0.0,19.0,12.0,1.0,7.0,56.0,54.0,0.0,1.0,1.0,0.0,1.0,0.0,1.0,0.0,8.0,7.0,0.0,0.0,0.0,0.0,0.0,3.0,0.0,0.0
IŁŻECKI,1657.0,9.0,1541.0,7.0,125.0,57.0,2.0,5.0,15.0,2.0,26.0,0.0,1.0,1416.0,4.0,1.0,3.0,0.0,927.0,1.0,0.0,34.0,6.0,185.0,2.0,38.0,30.0,4.0,11.0,11.0,605.0,336.0,84.0,66.0,84.0,9.0,54.0,38.0,40.0,5.0,29.0,0.0,18.0,10.0,3.0,0.0,4.0,5.0,5.0,3.0,1.0,31.0,0.0,0.0,0.0,1.0,3.0,28.0,16.0,1.0,22.0,90.0,90.0,0.0,0.0,2.0,4.0,4.0,1.0,3.0,0.0,2.0,2.0,4.0,2.0,0.0,0.0,0.0,10.0,1.0,0.0
JĘDRZEJOWSKI,1304.0,20.0,1224.0,18.0,213.0,80.0,0.0,2.0,48.0,5.0,41.0,1.0,4.0,1011.0,14.0,5.0,7.0,0.0,621.0,1.0,0.0,17.0,5.0,99.0,1.0,41.0,11.0,0.0,12.0,12.0,422.0,231.0,71.0,41.0,55.0,3.0,19.0,42.0,25.0,3.0,16.0,1.0,21.0,7.0,4.0,0.0,10.0,2.0,6.0,6.0,0.0,20.0,0.0,2.0,0.0,3.0,1.0,48.0,26.0,19.0,23.0,50.0,47.0,3.0,0.0,2.0,8.0,7.0,0.0,6.0,0.0,8.0,4.0,1.0,1.0,1.0,0.0,1.0,3.0,8.0,0.0
KIELECKI,2647.0,57.0,2357.0,47.0,113.0,29.0,1.0,16.0,23.0,4.0,25.0,2.0,2.0,2244.0,25.0,9.0,5.0,2.0,1410.0,10.0,0.0,24.0,1.0,178.0,5.0,34.0,52.0,6.0,18.0,20.0,1062.0,490.0,116.0,68.0,166.0,22.0,44.0,73.0,71.0,11.0,45.0,10.0,66.0,13.0,16.0,19.0,15.0,18.0,17.0,8.0,9.0,65.0,7.0,3.0,5.0,7.0,6.0,66.0,17.0,31.0,16.0,217.0,199.0,8.0,2.0,11.0,15.0,15.0,0.0,15.0,0.0,15.0,7.0,6.0,4.0,2.0,0.0,2.0,9.0,8.0,0.0
KONECKI,2270.0,50.0,2088.0,46.0,159.0,37.0,2.0,40.0,6.0,3.0,36.0,0.0,18.0,1929.0,5.0,2.0,1.0,0.0,1199.0,0.0,0.0,37.0,1.0,181.0,4.0,29.0,59.0,6.0,28.0,18.0,836.0,493.0,134.0,77.0,158.0,12.0,54.0,55.0,33.0,3.0,21.0,6.0,41.0,11.0,9.0,7.0,14.0,10.0,13.0,6.0,7.0,61.0,8.0,1.0,3.0,3.0,6.0,56.0,19.0,16.0,18.0,120.0,109.0,3.0,5.0,5.0,12.0,10.0,1.0,9.0,0.0,7.0,4.0,4.0,4.0,1.0,0.0,0.0,23.0,3.0,0.0
KOZIENICKI,1625.0,11.0,1467.0,10.0,150.0,55.0,6.0,0.0,31.0,3.0,44.0,0.0,0.0,1317.0,8.0,2.0,3.0,0.0,880.0,2.0,0.0,16.0,4.0,208.0,7.0,9.0,48.0,6.0,11.0,9.0,560.0,296.0,77.0,45.0,71.0,11.0,60.0,32.0,29.0,8.0,20.0,0.0,22.0,8.0,7.0,1.0,6.0,2.0,9.0,8.0,1.0,28.0,2.0,5.0,0.0,0.0,3.0,27.0,10.0,4.0,16.0,122.0,121.0,1.0,0.0,2.0,5.0,0.0,0.0,0.0,0.0,10.0,10.0,2.0,1.0,4.0,0.0,0.0,13.0,1.0,0.0
MIECHOWSKI,1412.0,18.0,1317.0,18.0,170.0,59.0,0.0,0.0,36.0,3.0,34.0,0.0,1.0,1147.0,38.0,8.0,8.0,10.0,772.0,3.0,0.0,8.0,3.0,92.0,1.0,8.0,10.0,5.0,12.0,6.0,624.0,209.0,54.0,32.0,56.0,8.0,15.0,44.0,31.0,5.0,17.0,4.0,17.0,8.0,4.0,3.0,2.0,2.0,3.0,3.0,0.0,12.0,0.0,1.0,0.0,1.0,1.0,44.0,12.0,22.0,19.0,76.0,73.0,2.0,0.0,2.0,4.0,2.0,0.0,2.0,0.0,5.0,3.0,1.0,1.0,0.0,0.0,0.0,5.0,8.0,0.0
OLKUSKI,1690.0,29.0,1547.0,22.0,154.0,28.0,3.0,3.0,51.0,7.0,21.0,1.0,4.0,1393.0,20.0,3.0,6.0,1.0,828.0,1.0,0.0,33.0,4.0,121.0,0.0,27.0,20.0,11.0,13.0,5.0,593.0,371.0,98.0,40.0,97.0,10.0,63.0,63.0,37.0,5.0,24.0,3.0,31.0,11.0,7.0,5.0,7.0,6.0,9.0,6.0,3.0,22.0,0.0,0.0,0.0,2.0,0.0,43.0,18.0,11.0,26.0,116.0,98.0,12.0,5.0,2.0,2.0,2.0,0.0,2.0,0.0,9.0,7.0,2.0,1.0,0.0,0.0,0.0,10.0,5.0,0.0
OPATOWSKI,2045.0,49.0,1903.0,43.0,131.0,57.0,0.0,0.0,28.0,3.0,33.0,0.0,3.0,1772.0,18.0,5.0,3.0,0.0,1053.0,4.0,0.0,25.0,5.0,171.0,4.0,12.0,63.0,4.0,21.0,19.0,725.0,444.0,117.0,72.0,146.0,15.0,52.0,42.0,50.0,13.0,25.0,9.0,32.0,11.0,7.0,7.0,7.0,10.0,21.0,12.0,9.0,52.0,1.0,4.0,1.0,4.0,5.0,77.0,30.0,21.0,15.0,111.0,106.0,4.0,0.0,7.0,6.0,5.0,0.0,5.0,0.0,1.0,0.0,4.0,4.0,0.0,0.0,0.0,8.0,5.0,0.0
OPOCZYŃSKI,1187.0,3.0,1116.0,3.0,125.0,51.0,0.0,8.0,16.0,6.0,37.0,1.0,3.0,991.0,6.0,1.0,5.0,0.0,676.0,0.0,0.0,29.0,1.0,150.0,3.0,14.0,14.0,2.0,9.0,11.0,443.0,191.0,51.0,25.0,53.0,8.0,33.0,21.0,30.0,1.0,26.0,0.0,26.0,8.0,2.0,11.0,5.0,1.0,2.0,2.0,0.0,19.0,5.0,1.0,0.0,0.0,1.0,23.0,14.0,1.0,17.0,61.0,58.0,0.0,2.0,0.0,1.0,3.0,0.0,3.0,0.0,2.0,2.0,0.0,0.0,0.0,0.0,0.0,4.0,0.0,0.0
PIŃCZOWSKI,1299.0,17.0,1225.0,15.0,163.0,54.0,8.0,0.0,46.0,1.0,32.0,0.0,1.0,1062.0,6.0,4.0,1.0,1.0,671.0,5.0,0.0,12.0,3.0,100.0,0.0,7.0,18.0,3.0,3.0,13.0,507.0,249.0,95.0,31.0,44.0,10.0,20.0,49.0,19.0,0.0,14.0,4.0,16.0,9.0,2.0,4.0,1.0,3.0,4.0,4.0,0.0,17.0,0.0,0.0,0.0,2.0,1.0,55.0,22.0,16.0,22.0,59.0,58.0,1.0,0.0,1.0,3.0,1.0,0.0,1.0,0.0,3.0,2.0,0.0,0.0,0.0,0.0,0.0,7.0,3.0,0.0
RADOMSKI,1006.0,1.0,936.0,1.0,84.0,50.0,1.0,2.0,16.0,0.0,11.0,0.0,0.0,852.0,7.0,2.0,2.0,1.0,541.0,0.0,1.0,18.0,1.0,84.0,3.0,12.0,9.0,2.0,6.0,4.0,401.0,217.0,57.0,51.0,56.0,6.0,25.0,22.0,25.0,2.0,17.0,2.0,18.0,5.0,2.0,6.0,4.0,3.0,2.0,1.0,1.0,17.0,1.0,0.0,0.0,1.0,1.0,12.0,6.0,1.0,10.0,55.0,54.0,0.0,0.0,0.0,0.0,2.0,2.0,0.0,0.0,2.0,1.0,2.0,1.0,0.0,0.0,0.0,9.0,1.0,0.0
SANDOMIERSKI,1459.0,6.0,1377.0,6.0,128.0,62.0,3.0,0.0,19.0,4.0,33.0,0.0,1.0,1249.0,7.0,4.0,2.0,0.0,715.0,7.0,0.0,20.0,6.0,112.0,1.0,13.0,27.0,4.0,14.0,15.0,496.0,396.0,107.0,55.0,94.0,13.0,73.0,54.0,24.0,3.0,16.0,3.0,16.0,7.0,6.0,2.0,1.0,3.0,7.0,7.0,0.0,31.0,1.0,2.0,0.0,1.0,2.0,29.0,13.0,6.0,21.0,63.0,59.0,3.0,0.0,1.0,2.0,2.0,0.0,2.0,0.0,2.0,1.0,2.0,2.0,1.0,0.0,0.0,9.0,2.0,0.0
STOPNICKI,1840.0,23.0,1673.0,4.0,343.0,45.0,71.0,3.0,82.0,5.0,63.0,0.0,0.0,1330.0,19.0,3.0,12.0,0.0,841.0,2.0,1.0,20.0,4.0,105.0,1.0,7.0,21.0,0.0,13.0,7.0,660.0,301.0,97.0,45.0,78.0,10.0,24.0,47.0,20.0,1.0,16.0,2.0,21.0,8.0,3.0,2.0,7.0,2.0,5.0,5.0,0.0,33.0,0.0,2.0,0.0,2.0,1.0,67.0,39.0,13.0,21.0,128.0,83.0,37.0,8.0,2.0,6.0,2.0,0.0,2.0,0.0,15.0,7.0,1.0,1.0,4.0,0.0,4.0,9.0,1.0,0.0
WŁOSZCZOWSKI,1089.0,8.0,1046.0,8.0,171.0,39.0,2.0,8.0,69.0,0.0,27.0,0.0,0.0,875.0,9.0,3.0,4.0,1.0,559.0,0.0,0.0,14.0,9.0,81.0,3.0,52.0,13.0,3.0,10.0,7.0,367.0,229.0,54.0,45.0,53.0,6.0,30.0,41.0,19.0,0.0,13.0,2.0,13.0,4.0,2.0,3.0,4.0,1.0,3.0,2.0,1.0,10.0,0.0,0.0,0.0,0.0,1.0,22.0,15.0,1.0,10.0,28.0,27.0,0.0,0.0,0.0,4.0,4.0,0.0,4.0,0.0,4.0,3.0,2.0,2.0,1.0,0.0,1.0,0.0,4.0,0.0
ZAWIERCIAŃSKI,1380.0,29.0,1249.0,28.0,67.0,9.0,0.0,1.0,25.0,7.0,5.0,0.0,11.0,1182.0,12.0,2.0,4.0,0.0,736.0,2.0,0.0,23.0,2.0,125.0,9.0,19.0,14.0,5.0,23.0,8.0,506.0,263.0,94.0,36.0,57.0,6.0,30.0,40.0,31.0,3.0,25.0,2.0,30.0,8.0,9.0,6.0,7.0,19.0,13.0,9.0,4.0,28.0,1.0,2.0,3.0,1.0,1.0,34.0,20.0,10.0,16.0,100.0,95.0,1.0,2.0,2.0,1.0,9.0,0.0,9.0,0.0,4.0,2.0,4.0,4.0,0.0,0.0,0.0,11.0,10.0,0.0
CZĘSTOCHOWA (MIASTO),2965.0,196.0,2685.0,164.0,60.0,6.0,2.0,11.0,4.0,4.0,5.0,3.0,16.0,2625.0,39.0,5.0,9.0,0.0,1418.0,8.0,0.0,54.0,33.0,267.0,24.0,53.0,91.0,6.0,25.0,29.0,828.0,600.0,140.0,88.0,223.0,18.0,69.0,59.0,69.0,11.0,24.0,17.0,83.0,10.0,21.0,22.0,17.0,27.0,20.0,7.0,12.0,88.0,4.0,0.0,13.0,11.0,11.0,109.0,39.0,56.0,172.0,159.0,150.0,6.0,0.0,14.0,15.0,32.0,0.0,27.0,4.0,26.0,8.0,11.0,7.0,6.0,1.0,3.0,17.0,34.0,0.0
SOSNOWIEC,3082.0,162.0,2752.0,131.0,78.0,2.0,3.0,7.0,7.0,5.0,21.0,12.0,19.0,2674.0,78.0,0.0,16.0,5.0,1405.0,1.0,0.0,18.0,64.0,264.0,21.0,63.0,102.0,3.0,38.0,29.0,802.0,861.0,355.0,85.0,265.0,9.0,70.0,72.0,71.0,12.0,31.0,13.0,67.0,10.0,16.0,23.0,13.0,37.0,10.0,5.0,5.0,57.0,5.0,4.0,5.0,2.0,10.0,52.0,16.0,22.0,36.0,205.0,199.0,4.0,0.0,11.0,13.0,49.0,0.0,48.0,1.0,19.0,3.0,8.0,6.0,4.0,1.0,2.0,21.0,30.0,0.0
RADOM (MIASTO),1557.0,91.0,1381.0,78.0,31.0,11.0,1.0,3.0,5.0,0.0,5.0,0.0,4.0,1350.0,12.0,2.0,5.0,1.0,750.0,1.0,0.0,23.0,3.0,133.0,7.0,21.0,62.0,2.0,15.0,36.0,447.0,280.0,79.0,32.0,85.0,4.0,14.0,64.0,31.0,8.0,14.0,7.0,51.0,8.0,15.0,7.0,16.0,21.0,24.0,15.0,9.0,51.0,5.0,3.0,8.0,9.0,8.0,107.0,16.0,61.0,23.0,114.0,106.0,8.0,0.0,8.0,1.0,21.0,0.0,21.0,0.0,6.0,1.0,4.0,3.0,5.0,1.0,2.0,17.0,13.0,0.0
BIALSKI (BIAŁA KRAKOWSKA),2775.0,102.0,2376.0,87.0,146.0,1.0,0.0,9.0,33.0,6.0,25.0,5.0,6.0,2230.0,33.0,1.0,0.0,11.0,1254.0,4.0,4.0,48.0,54.0,204.0,10.0,42.0,78.0,14.0,37.0,52.0,707.0,694.0,432.0,43.0,117.0,11.0,45.0,40.0,39.0,9.0,6.0,10.0,37.0,9.0,2.0,10.0,10.0,11.0,15.0,10.0,4.0,42.0,3.0,6.0,5.0,7.0,6.0,61.0,12.0,38.0,44.0,318.0,267.0,20.0,23.0,3.0,8.0,20.0,0.0,13.0,6.0,3.0,0.0,8.0,5.0,3.0,0.0,3.0,36.0,27.0,0.0
BOCHEŃSKI,1173.0,28.0,1043.0,25.0,51.0,1.0,4.0,0.0,14.0,5.0,15.0,0.0,2.0,992.0,14.0,3.0,6.0,4.0,657.0,1.0,1.0,16.0,19.0,83.0,2.0,8.0,34.0,21.0,19.0,68.0,385.0,152.0,33.0,24.0,39.0,10.0,7.0,39.0,33.0,8.0,15.0,10.0,17.0,6.0,5.0,4.0,2.0,0.0,6.0,2.0,3.0,20.0,0.0,2.0,1.0,4.0,2.0,55.0,23.0,22.0,38.0,100.0,95.0,0.0,0.0,0.0,6.0,6.0,0.0,6.0,0.0,6.0,1.0,2.0,2.0,1.0,0.0,0.0,9.0,4.0,0.0
BRZESKI (BRZESKO),921.0,17.0,837.0,17.0,55.0,2.0,0.0,0.0,7.0,2.0,39.0,0.0,0.0,782.0,18.0,3.0,9.0,5.0,497.0,1.0,4.0,19.0,11.0,75.0,3.0,8.0,12.0,5.0,12.0,29.0,318.0,159.0,50.0,25.0,38.0,4.0,14.0,28.0,21.0,6.0,10.0,2.0,13.0,6.0,1.0,2.0,4.0,2.0,1.0,1.0,0.0,12.0,1.0,0.0,0.0,2.0,0.0,31.0,17.0,5.0,28.0,73.0,70.0,0.0,0.0,0.0,0.0,0.0,0.0,0.0,0.0,4.0,1.0,1.0,0.0,1.0,0.0,1.0,5.0,1.0,3.0
CHRZANOWSKI,2236.0,51.0,1992.0,47.0,72.0,0.0,2.0,3.0,10.0,9.0,20.0,8.0,8.0,1920.0,69.0,9.0,6.0,6.0,1207.0,5.0,1.0,21.0,36.0,207.0,11.0,112.0,32.0,10.0,27.0,29.0,716.0,432.0,151.0,56.0,81.0,17.0,52.0,74.0,50.0,10.0,14.0,11.0,31.0,9.0,3.0,9.0,9.0,12.0,9.0,8.0,1.0,49.0,1.0,7.0,3.0,10.0,8.0,40.0,22.0,9.0,21.0,196.0,193.0,1.0,2.0,3.0,3.0,10.0,0.0,7.0,1.0,12.0,7.0,4.0,4.0,1.0,0.0,1.0,15.0,9.0,0.0
DĄBROWSKI,566.0,6.0,526.0,6.0,22.0,1.0,0.0,0.0,9.0,0.0,11.0,0.0,0.0,504.0,14.0,5.0,4.0,5.0,317.0,3.0,6.0,5.0,6.0,21.0,3.0,1.0,7.0,10.0,2.0,27.0,226.0,95.0,39.0,4.0,24.0,3.0,2.0,23.0,11.0,0.0,8.0,2.0,9.0,4.0,0.0,0.0,5.0,1.0,0.0,0.0,0.0,12.0,0.0,0.0,1.0,0.0,1.0,35.0,18.0,8.0,10.0,37.0,36.0,0.0,0.0,0.0,0.0,0.0,0.0,0.0,0.0,0.0,0.0,0.0,0.0,1.0,0.0,1.0,2.0,0.0,0.0
GORLICKI,1125.0,13.0,1013.0,13.0,43.0,0.0,1.0,7.0,6.0,1.0,17.0,0.0,2.0,970.0,12.0,5.0,2.0,1.0,576.0,9.0,0.0,18.0,7.0,75.0,3.0,16.0,12.0,5.0,6.0,7.0,418.0,230.0,81.0,29.0,57.0,10.0,18.0,35.0,26.0,2.0,22.0,0.0,36.0,3.0,3.0,8.0,21.0,4.0,3.0,3.0,0.0,28.0,0.0,3.0,2.0,7.0,1.0,26.0,8.0,3.0,29.0,95.0,91.0,0.0,2.0,5.0,0.0,0.0,0.0,0.0,0.0,3.0,3.0,2.0,1.0,2.0,0.0,2.0,5.0,1.0,0.0
JASIELSKI,1087.0,14.0,983.0,14.0,39.0,2.0,0.0,5.0,5.0,4.0,17.0,0.0,2.0,944.0,12.0,4.0,2.0,4.0,616.0,3.0,0.0,18.0,7.0,52.0,1.0,19.0,15.0,8.0,14.0,46.0,433.0,194.0,59.0,24.0,42.0,8.0,12.0,49.0,18.0,3.0,6.0,3.0,15.0,5.0,1.0,0.0,7.0,3.0,3.0,3.0,0.0,20.0,2.0,0.0,1.0,1.0,0.0,21.0,9.0,0.0,42.0,82.0,75.0,3.0,0.0,4.0,1.0,2.0,0.0,0.0,0.0,3.0,2.0,4.0,3.0,0.0,0.0,0.0,8.0,3.0,0.0
KRAKOWSKI,1580.0,25.0,1388.0,23.0,32.0,9.0,1.0,0.0,9.0,5.0,4.0,0.0,1.0,1356.0,57.0,4.0,5.0,35.0,1024.0,7.0,19.0,20.0,9.0,172.0,2.0,27.0,30.0,10.0,13.0,34.0,681.0,91.0,40.0,5.0,25.0,0.0,3.0,17.0,13.0,3.0,6.0,1.0,20.0,6.0,4.0,7.0,3.0,5.0,1.0,0.0,0.0,29.0,0.0,2.0,0.0,1.0,2.0,108.0,13.0,84.0,8.0,179.0,174.0,0.0,0.0,0.0,1.0,1.0,0.0,1.0,0.0,2.0,1.0,0.0,0.0,5.0,2.0,1.0,4.0,6.0,0.0
KRAKÓW (MIASTO),6232.0,751.0,5241.0,578.0,133.0,7.0,0.0,21.0,8.0,18.0,23.0,3.0,19.0,5108.0,60.0,5.0,5.0,6.0,2430.0,10.0,1.0,27.0,67.0,455.0,57.0,66.0,342.0,11.0,26.0,142.0,1226.0,1114.0,159.0,195.0,480.0,42.0,98.0,140.0,233.0,54.0,63.0,39.0,233.0,39.0,68.0,53.0,38.0,133.0,99.0,38.0,54.0,361.0,19.0,26.0,63.0,67.0,45.0,349.0,61.0,249.0,96.0,603.0,565.0,7.0,4.0,54.0,87.0,101.0,0.0,61.0,24.0,41.0,6.0,19.0,10.0,13.0,4.0,8.0,73.0,200.0,10.0
LIMANOWSKI,624.0,5.0,549.0,5.0,61.0,0.0,8.0,34.0,7.0,1.0,11.0,0.0,0.0,488.0,13.0,5.0,1.0,4.0,330.0,7.0,0.0,15.0,0.0,44.0,1.0,11.0,6.0,4.0,2.0,10.0,230.0,107.0,40.0,12.0,26.0,2.0,9.0,18.0,2.0,0.0,1.0,0.0,9.0,3.0,0.0,0.0,6.0,0.0,0.0,0.0,0.0,8.0,0.0,1.0,0.0,0.0,1.0,12.0,5.0,3.0,7.0,73.0,60.0,6.0,5.0,0.0,0.0,0.0,0.0,0.0,0.0,1.0,1.0,0.0,0.0,0.0,0.0,0.0,1.0,1.0,0.0
MIELECKI,869.0,7.0,811.0,7.0,87.0,24.0,0.0,4.0,28.0,3.0,22.0,0.0,1.0,724.0,14.0,3.0,1.0,8.0,424.0,1.0,20.0,12.0,2.0,40.0,4.0,1.0,12.0,2.0,8.0,15.0,307.0,172.0,68.0,18.0,39.0,7.0,12.0,28.0,18.0,1.0,14.0,2.0,11.0,3.0,1.0,1.0,6.0,4.0,0.0,0.0,0.0,22.0,2.0,1.0,0.0,2.0,0.0,25.0,15.0,6.0,34.0,48.0,45.0,0.0,0.0,3.0,4.0,1.0,0.0,0.0,0.0,0.0,0.0,0.0,0.0,0.0,0.0,0.0,2.0,3.0,0.0
MYŚLENICKI,1024.0,14.0,906.0,14.0,52.0,1.0,4.0,11.0,12.0,3.0,19.0,0.0,1.0,854.0,13.0,1.0,3.0,4.0,542.0,5.0,0.0,26.0,10.0,55.0,3.0,23.0,8.0,7.0,8.0,49.0,348.0,171.0,47.0,11.0,22.0,3.0,45.0,42.0,24.0,1.0,10.0,2.0,16.0,5.0,2.0,2.0,7.0,1.0,1.0,1.0,0.0,49.0,2.0,6.0,2.0,0.0,0.0,20.0,8.0,1.0,17.0,106.0,84.0,4.0,7.0,1.0,0.0,1.0,0.0,1.0,0.0,2.0,2.0,2.0,1.0,0.0,0.0,0.0,6.0,0.0,0.0
NOWOSĄDECKI,2367.0,148.0,1739.0,45.0,47.0,0.0,1.0,16.0,10.0,7.0,7.0,1.0,3.0,1692.0,42.0,8.0,10.0,5.0,957.0,14.0,0.0,47.0,24.0,95.0,28.0,58.0,22.0,13.0,20.0,36.0,600.0,437.0,135.0,63.0,117.0,9.0,51.0,56.0,35.0,9.0,13.0,6.0,58.0,10.0,13.0,13.0,18.0,18.0,13.0,6.0,4.0,49.0,0.0,5.0,8.0,13.0,3.0,65.0,28.0,17.0,18.0,553.0,164.0,199.0,175.0,7.0,4.0,7.0,0.0,1.0,2.0,9.0,1.0,3.0,3.0,10.0,1.0,7.0,35.0,5.0,0.0
NOWOTARSKI,2462.0,113.0,1487.0,39.0,38.0,0.0,0.0,26.0,0.0,4.0,4.0,1.0,3.0,1449.0,14.0,2.0,4.0,2.0,925.0,6.0,0.0,47.0,17.0,132.0,2.0,49.0,36.0,17.0,18.0,24.0,577.0,274.0,81.0,37.0,80.0,9.0,26.0,37.0,21.0,3.0,11.0,5.0,52.0,13.0,12.0,5.0,22.0,5.0,23.0,6.0,0.0,34.0,0.0,0.0,7.0,10.0,2.0,53.0,13.0,16.0,48.0,913.0,265.0,228.0,371.0,5.0,10.0,4.0,0.0,1.0,3.0,13.0,4.0,3.0,1.0,14.0,4.0,7.0,13.0,10.0,1.0
ROPCZYCKI,1054.0,16.0,979.0,16.0,76.0,9.0,3.0,0.0,19.0,6.0,31.0,0.0,2.0,903.0,12.0,6.0,3.0,2.0,595.0,11.0,4.0,7.0,5.0,61.0,5.0,8.0,6.0,5.0,9.0,55.0,419.0,188.0,70.0,28.0,24.0,6.0,24.0,35.0,13.0,1.0,6.0,4.0,10.0,4.0,1.0,0.0,5.0,3.0,1.0,1.0,0.0,16.0,0.0,1.0,0.0,2.0,0.0,31.0,14.0,9.0,34.0,54.0,46.0,2.0,1.0,3.0,0.0,3.0,0.0,2.0,0.0,4.0,3.0,1.0,1.0,3.0,0.0,2.0,7.0,3.0,0.0
TARNOWSKI,1769.0,74.0,1592.0,64.0,61.0,3.0,0.0,2.0,7.0,14.0,18.0,1.0,8.0,1531.0,21.0,7.0,1.0,1.0,792.0,14.0,2.0,24.0,25.0,73.0,15.0,16.0,42.0,5.0,15.0,61.0,500.0,421.0,142.0,51.0,131.0,8.0,29.0,58.0,48.0,8.0,17.0,15.0,37.0,10.0,5.0,5.0,14.0,19.0,4.0,3.0,0.0,78.0,6.0,5.0,12.0,14.0,4.0,82.0,26.0,39.0,29.0,138.0,132.0,5.0,0.0,9.0,4.0,3.0,0.0,3.0,0.0,3.0,1.0,3.0,2.0,2.0,0.0,0.0,15.0,14.0,2.0
WADOWICKI,1901.0,37.0,1600.0,24.0,44.0,3.0,0.0,19.0,2.0,11.0,4.0,0.0,0.0,1556.0,57.0,3.0,4.0,23.0,985.0,4.0,6.0,39.0,56.0,105.0,3.0,53.0,44.0,13.0,7.0,63.0,592.0,302.0,90.0,40.0,65.0,5.0,57.0,45.0,69.0,19.0,32.0,12.0,21.0,7.0,4.0,2.0,8.0,4.0,4.0,3.0,0.0,40.0,1.0,8.0,1.0,3.0,2.0,43.0,17.0,20.0,31.0,271.0,246.0,4.0,21.0,2.0,0.0,6.0,0.0,5.0,1.0,4.0,4.0,4.0,3.0,0.0,0.0,0.0,14.0,5.0,0.0
ŻYWIECKI,1575.0,35.0,1314.0,30.0,44.0,0.0,0.0,30.0,1.0,5.0,2.0,0.0,2.0,1270.0,55.0,1.0,1.0,39.0,820.0,3.0,0.0,31.0,5.0,81.0,1.0,27.0,45.0,10.0,15.0,42.0,560.0,216.0,61.0,30.0,50.0,6.0,38.0,30.0,52.0,2.0,32.0,7.0,18.0,7.0,3.0,2.0,5.0,3.0,4.0,3.0,1.0,25.0,0.0,2.0,3.0,5.0,4.0,60.0,17.0,13.0,17.0,229.0,199.0,13.0,15.0,2.0,1.0,0.0,0.0,0.0,0.0,10.0,5.0,4.0,3.0,4.0,0.0,1.0,11.0,11.0,0.0
BIALSKI (BIAŁA PODLASKA),1513.0,22.0,1391.0,20.0,124.0,49.0,2.0,4.0,24.0,4.0,16.0,0.0,16.0,1267.0,25.0,2.0,9.0,1.0,917.0,2.0,0.0,19.0,3.0,132.0,6.0,116.0,40.0,4.0,14.0,10.0,571.0,181.0,69.0,11.0,53.0,6.0,10.0,32.0,24.0,2.0,19.0,0.0,26.0,9.0,6.0,5.0,6.0,9.0,11.0,4.0,7.0,18.0,2.0,1.0,2.0,1.0,1.0,29.0,11.0,0.0,27.0,84.0,74.0,0.0,0.0,5.0,4.0,15.0,5.0,6.0,0.0,3.0,2.0,4.0,1.0,0.0,0.0,0.0,7.0,1.0,0.0
BIŁGORAJSKI,1366.0,26.0,1283.0,22.0,191.0,10.0,22.0,46.0,15.0,2.0,21.0,4.0,0.0,1092.0,7.0,0.0,7.0,0.0,704.0,2.0,0.0,31.0,3.0,113.0,5.0,24.0,40.0,5.0,7.0,12.0,462.0,251.0,70.0,63.0,54.0,13.0,7.0,43.0,49.0,9.0,36.0,2.0,19.0,6.0,4.0,5.0,3.0,2.0,1.0,1.0,0.0,25.0,0.0,2.0,1.0,1.0,0.0,18.0,13.0,0.0,16.0,65.0,62.0,1.0,0.0,0.0,10.0,1.0,0.0,0.0,0.0,2.0,1.0,1.0,1.0,0.0,0.0,0.0,4.0,4.0,0.0
CHEŁMSKI,2004.0,64.0,1850.0,57.0,180.0,61.0,4.0,2.0,53.0,3.0,23.0,3.0,7.0,1670.0,20.0,3.0,2.0,5.0,1107.0,1.0,0.0,39.0,8.0,145.0,11.0,39.0,79.0,2.0,31.0,30.0,722.0,332.0,126.0,54.0,72.0,11.0,34.0,34.0,42.0,7.0,28.0,4.0,31.0,10.0,8.0,5.0,8.0,10.0,8.0,8.0,0.0,44.0,0.0,6.0,2.0,2.0,3.0,55.0,24.0,19.0,21.0,92.0,78.0,6.0,1.0,2.0,10.0,12.0,0.0,12.0,0.0,5.0,0.0,0.0,0.0,4.0,0.0,1.0,29.0,10.0,0.0
GARWOLIŃSKI,1906.0,29.0,1812.0,21.0,250.0,29.0,95.0,0.0,23.0,9.0,79.0,1.0,1.0,1562.0,24.0,4.0,6.0,1.0,932.0,3.0,0.0,52.0,4.0,198.0,4.0,16.0,63.0,6.0,29.0,7.0,550.0,400.0,112.0,92.0,76.0,12.0,56.0,51.0,40.0,4.0,27.0,0.0,34.0,10.0,4.0,11.0,9.0,8.0,7.0,6.0,1.0,34.0,2.0,1.0,0.0,1.0,3.0,52.0,32.0,7.0,31.0,72.0,72.0,0.0,0.0,0.0,0.0,5.0,0.0,5.0,0.0,10.0,5.0,1.0,1.0,0.0,0.0,0.0,6.0,7.0,0.0
HRUBIESZOWSKI,1953.0,22.0,1852.0,19.0,195.0,86.0,2.0,1.0,59.0,0.0,19.0,2.0,1.0,1657.0,6.0,1.0,1.0,1.0,1197.0,10.0,0.0,20.0,10.0,126.0,5.0,215.0,55.0,3.0,24.0,17.0,712.0,311.0,127.0,49.0,39.0,9.0,38.0,48.0,30.0,3.0,22.0,1.0,17.0,7.0,4.0,3.0,2.0,1.0,4.0,3.0,1.0,23.0,0.0,2.0,4.0,1.0,0.0,36.0,8.0,4.0,32.0,51.0,46.0,4.0,0.0,3.0,13.0,4.0,0.0,4.0,0.0,7.0,0.0,1.0,1.0,2.0,0.0,1.0,20.0,1.0,0.0
JANOWSKI,1597.0,16.0,1494.0,16.0,229.0,34.0,71.0,9.0,63.0,3.0,24.0,0.0,2.0,1265.0,28.0,1.0,5.0,16.0,813.0,5.0,0.0,110.0,4.0,103.0,8.0,63.0,43.0,7.0,25.0,19.0,526.0,280.0,65.0,72.0,80.0,10.0,24.0,27.0,17.0,0.0,13.0,2.0,19.0,8.0,4.0,4.0,3.0,7.0,6.0,4.0,2.0,28.0,1.0,2.0,0.0,3.0,1.0,52.0,30.0,4.0,15.0,76.0,73.0,2.0,0.0,0.0,5.0,2.0,2.0,0.0,0.0,5.0,4.0,2.0,1.0,0.0,0.0,0.0,13.0,2.0,0.0
KRASNOSTAWSKI,1431.0,13.0,1346.0,12.0,154.0,66.0,2.0,0.0,43.0,4.0,24.0,1.0,3.0,1192.0,17.0,2.0,5.0,3.0,724.0,4.0,0.0,11.0,5.0,111.0,1.0,107.0,35.0,9.0,15.0,11.0,415.0,341.0,114.0,34.0,130.0,10.0,20.0,31.0,9.0,1.0,6.0,0.0,23.0,9.0,4.0,6.0,4.0,1.0,6.0,3.0,3.0,14.0,0.0,1.0,1.0,0.0,0.0,26.0,17.0,2.0,31.0,52.0,43.0,1.0,2.0,1.0,6.0,6.0,0.0,4.0,0.0,6.0,4.0,1.0,1.0,0.0,0.0,0.0,13.0,1.0,0.0
LUBARTOWSKI,1091.0,10.0,1022.0,7.0,116.0,28.0,7.0,3.0,37.0,4.0,18.0,2.0,3.0,906.0,11.0,4.0,4.0,3.0,605.0,5.0,0.0,15.0,0.0,83.0,6.0,13.0,40.0,3.0,22.0,4.0,414.0,190.0,72.0,28.0,47.0,4.0,9.0,30.0,24.0,0.0,20.0,1.0,12.0,6.0,3.0,0.0,3.0,2.0,4.0,4.0,0.0,19.0,0.0,0.0,0.0,0.0,0.0,21.0,17.0,1.0,18.0,46.0,45.0,0.0,1.0,1.0,7.0,0.0,0.0,0.0,0.0,8.0,7.0,0.0,0.0,0.0,0.0,0.0,7.0,2.0,0.0
LUBELSKI,1281.0,17.0,1221.0,13.0,210.0,55.0,69.0,0.0,63.0,1.0,16.0,0.0,0.0,1011.0,16.0,2.0,5.0,0.0,688.0,2.0,1.0,8.0,1.0,105.0,1.0,17.0,28.0,3.0,18.0,10.0,494.0,215.0,71.0,37.0,27.0,5.0,45.0,29.0,15.0,0.0,13.0,1.0,13.0,9.0,2.0,0.0,2.0,1.0,1.0,0.0,1.0,18.0,0.0,0.0,0.0,0.0,0.0,32.0,20.0,4.0,12.0,50.0,47.0,3.0,0.0,0.0,2.0,1.0,0.0,1.0,0.0,5.0,4.0,0.0,0.0,0.0,0.0,0.0,2.0,0.0,0.0
ŁUKOWSKI,1264.0,26.0,1144.0,18.0,100.0,42.0,0.0,0.0,23.0,2.0,18.0,2.0,3.0,1044.0,9.0,3.0,0.0,0.0,660.0,4.0,0.0,22.0,2.0,128.0,8.0,45.0,25.0,3.0,11.0,8.0,404.0,229.0,67.0,36.0,68.0,7.0,20.0,31.0,40.0,2.0,32.0,1.0,24.0,8.0,4.0,7.0,5.0,7.0,7.0,5.0,2.0,27.0,0.0,4.0,4.0,2.0,0.0,24.0,11.0,5.0,17.0,73.0,70.0,1.0,1.0,1.0,13.0,6.0,1.0,5.0,0.0,8.0,7.0,2.0,1.0,1.0,0.0,0.0,16.0,2.0,0.0
PUŁAWSKI,2607.0,44.0,2360.0,26.0,279.0,36.0,148.0,1.0,26.0,7.0,48.0,0.0,3.0,2081.0,23.0,5.0,5.0,0.0,1254.0,4.0,0.0,29.0,7.0,245.0,17.0,38.0,104.0,11.0,37.0,13.0,749.0,559.0,149.0,106.0,188.0,16.0,51.0,49.0,39.0,7.0,29.0,1.0,36.0,14.0,8.0,7.0,6.0,9.0,13.0,12.0,1.0,46.0,2.0,2.0,0.0,6.0,8.0,73.0,36.0,6.0,29.0,186.0,111.0,44.0,30.0,2.0,7.0,11.0,0.0,9.0,1.0,7.0,5.0,5.0,5.0,3.0,1.0,0.0,26.0,1.0,0.0
RADZYŃSKI,1194.0,21.0,1106.0,17.0,174.0,46.0,3.0,0.0,32.0,42.0,7.0,6.0,7.0,932.0,9.0,2.0,0.0,0.0,657.0,1.0,0.0,27.0,6.0,93.0,8.0,64.0,37.0,3.0,8.0,12.0,398.0,160.0,49.0,29.0,54.0,0.0,7.0,21.0,18.0,1.0,12.0,1.0,15.0,6.0,4.0,0.0,5.0,6.0,7.0,6.0,1.0,20.0,1.0,3.0,0.0,1.0,2.0,22.0,6.0,3.0,18.0,54.0,52.0,2.0,0.0,3.0,4.0,13.0,5.0,8.0,0.0,4.0,3.0,2.0,2.0,1.0,0.0,1.0,7.0,5.0,0.0
SIEDLECKI,1982.0,62.0,1802.0,54.0,225.0,51.0,75.0,0.0,17.0,11.0,23.0,4.0,7.0,1577.0,16.0,5.0,1.0,0.0,1001.0,1.0,0.0,24.0,10.0,188.0,15.0,48.0,76.0,5.0,20.0,13.0,601.0,327.0,97.0,23.0,141.0,2.0,16.0,47.0,39.0,7.0,20.0,6.0,47.0,10.0,7.0,18.0,11.0,12.0,15.0,8.0,7.0,44.0,1.0,5.0,3.0,6.0,4.0,35.0,22.0,10.0,41.0,110.0,102.0,7.0,1.0,4.0,9.0,20.0,3.0,14.0,0.0,7.0,2.0,6.0,5.0,6.0,2.0,3.0,18.0,9.0,0.0
SOKOŁOWSKI,853.0,8.0,799.0,8.0,102.0,42.0,15.0,0.0,8.0,4.0,20.0,5.0,3.0,697.0,7.0,4.0,1.0,0.0,438.0,0.0,0.0,15.0,4.0,79.0,6.0,7.0,20.0,0.0,11.0,4.0,292.0,159.0,38.0,17.0,55.0,4.0,22.0,23.0,21.0,3.0,13.0,2.0,20.0,6.0,3.0,6.0,5.0,4.0,2.0,2.0,0.0,16.0,0.0,5.0,0.0,1.0,0.0,24.0,3.0,13.0,6.0,35.0,34.0,0.0,1.0,1.0,4.0,8.0,4.0,4.0,0.0,4.0,4.0,1.0,1.0,0.0,0.0,0.0,1.0,0.0,0.0
TOMASZOWSKI,1394.0,10.0,1321.0,9.0,137.0,75.0,1.0,0.0,18.0,3.0,17.0,2.0,4.0,1184.0,7.0,2.0,2.0,2.0,818.0,16.0,0.0,16.0,5.0,90.0,5.0,75.0,37.0,4.0,13.0,22.0,535.0,266.0,78.0,66.0,35.0,2.0,42.0,42.0,17.0,3.0,12.0,1.0,11.0,6.0,3.0,1.0,1.0,3.0,8.0,4.0,3.0,20.0,1.0,2.0,0.0,0.0,0.0,24.0,8.0,2.0,10.0,51.0,49.0,1.0,0.0,0.0,8.0,1.0,1.0,0.0,0.0,2.0,2.0,2.0,2.0,0.0,0.0,0.0,9.0,3.0,0.0
WĘGROWSKI,853.0,8.0,816.0,8.0,105.0,14.0,13.0,2.0,14.0,1.0,36.0,5.0,3.0,711.0,4.0,1.0,1.0,0.0,519.0,0.0,0.0,20.0,0.0,94.0,8.0,13.0,19.0,2.0,20.0,6.0,337.0,123.0,41.0,20.0,32.0,3.0,12.0,15.0,13.0,1.0,6.0,1.0,16.0,6.0,2.0,5.0,3.0,5.0,1.0,1.0,0.0,7.0,0.0,0.0,0.0,0.0,0.0,13.0,3.0,2.0,10.0,24.0,24.0,0.0,0.0,0.0,0.0,0.0,0.0,0.0,0.0,1.0,1.0,1.0,0.0,0.0,0.0,0.0,11.0,0.0,0.0
WŁODAWSKI,1453.0,23.0,1348.0,22.0,184.0,36.0,7.0,0.0,25.0,7.0,17.0,8.0,73.0,1164.0,14.0,3.0,3.0,1.0,764.0,3.0,0.0,25.0,4.0,120.0,12.0,30.0,40.0,5.0,23.0,7.0,495.0,251.0,74.0,36.0,88.0,3.0,20.0,28.0,28.0,4.0,19.0,4.0,20.0,7.0,4.0,4.0,5.0,6.0,6.0,3.0,2.0,29.0,1.0,1.0,2.0,2.0,2.0,22.0,8.0,3.0,24.0,64.0,57.0,2.0,0.0,0.0,10.0,10.0,4.0,3.0,0.0,3.0,3.0,0.0,0.0,2.0,0.0,0.0,16.0,5.0,0.0
ZAMOJSKI,2032.0,67.0,1855.0,60.0,177.0,56.0,47.0,15.0,18.0,7.0,12.0,1.0,5.0,1678.0,19.0,2.0,4.0,0.0,1130.0,2.0,1.0,26.0,5.0,151.0,13.0,116.0,75.0,4.0,16.0,10.0,711.0,323.0,99.0,57.0,81.0,7.0,34.0,43.0,36.0,6.0,24.0,2.0,25.0,8.0,7.0,4.0,5.0,11.0,11.0,4.0,7.0,31.0,3.0,5.0,1.0,3.0,0.0,65.0,15.0,8.0,27.0,104.0,92.0,8.0,0.0,3.0,18.0,12.0,0.0,9.0,0.0,8.0,2.0,6.0,3.0,6.0,1.0,2.0,20.0,11.0,0.0
LUBLIN (MIASTO),2871.0,220.0,2515.0,184.0,140.0,22.0,29.0,7.0,19.0,3.0,19.0,1.0,10.0,2375.0,55.0,13.0,14.0,1.0,1175.0,2.0,0.0,51.0,37.0,189.0,15.0,22.0,161.0,4.0,22.0,66.0,606.0,529.0,142.0,93.0,153.0,9.0,43.0,87.0,76.0,22.0,27.0,11.0,91.0,11.0,24.0,30.0,23.0,47.0,41.0,17.0,22.0,83.0,7.0,3.0,20.0,12.0,11.0,235.0,71.0,157.0,43.0,186.0,159.0,23.0,0.0,19.0,16.0,71.0,0.0,61.0,6.0,24.0,9.0,10.0,6.0,4.0,2.0,2.0,26.0,26.0,0.0
BÓBRECKI,991.0,11.0,895.0,11.0,115.0,25.0,32.0,10.0,26.0,2.0,16.0,0.0,1.0,780.0,5.0,1.0,3.0,0.0,550.0,6.0,1.0,3.0,9.0,62.0,1.0,2.0,15.0,8.0,3.0,32.0,408.0,152.0,83.0,17.0,10.0,3.0,3.0,36.0,14.0,2.0,12.0,0.0,10.0,3.0,2.0,1.0,4.0,2.0,2.0,1.0,1.0,12.0,0.0,2.0,0.0,1.0,1.0,26.0,17.0,6.0,7.0,78.0,75.0,3.0,0.0,2.0,0.0,0.0,0.0,0.0,0.0,0.0,0.0,3.0,3.0,0.0,0.0,0.0,13.0,0.0,0.0
BRZOZOWSKI,782.0,6.0,697.0,5.0,49.0,1.0,3.0,0.0,13.0,5.0,21.0,0.0,1.0,648.0,10.0,6.0,4.0,0.0,450.0,0.0,0.0,9.0,0.0,44.0,1.0,0.0,5.0,6.0,2.0,28.0,355.0,114.0,47.0,16.0,18.0,5.0,7.0,21.0,15.0,2.0,12.0,1.0,9.0,3.0,1.0,2.0,3.0,0.0,3.0,1.0,2.0,13.0,0.0,1.0,2.0,0.0,0.0,25.0,10.0,4.0,9.0,70.0,66.0,0.0,0.0,2.0,0.0,4.0,0.0,0.0,0.0,1.0,1.0,3.0,2.0,1.0,0.0,1.0,4.0,1.0,0.0
DOBROMILSKI,1016.0,8.0,931.0,8.0,59.0,2.0,0.0,25.0,12.0,4.0,7.0,0.0,3.0,872.0,3.0,0.0,2.0,0.0,623.0,4.0,0.0,9.0,2.0,72.0,1.0,3.0,24.0,9.0,4.0,28.0,467.0,172.0,48.0,30.0,45.0,4.0,16.0,29.0,9.0,0.0,7.0,0.0,5.0,3.0,1.0,0.0,1.0,1.0,3.0,3.0,0.0,13.0,0.0,1.0,0.0,2.0,0.0,24.0,14.0,0.0,19.0,75.0,72.0,1.0,0.0,1.0,0.0,4.0,0.0,0.0,0.0,1.0,0.0,2.0,1.0,0.0,0.0,0.0,2.0,2.0,0.0
DROHOBYCKI,2208.0,85.0,1785.0,44.0,35.0,2.0,0.0,8.0,0.0,2.0,3.0,0.0,4.0,1750.0,19.0,1.0,11.0,2.0,1108.0,3.0,0.0,16.0,31.0,157.0,2.0,27.0,109.0,11.0,13.0,23.0,716.0,306.0,115.0,31.0,92.0,6.0,19.0,42.0,40.0,7.0,20.0,4.0,58.0,11.0,17.0,5.0,24.0,19.0,35.0,26.0,1.0,81.0,4.0,6.0,2.0,15.0,7.0,66.0,24.0,15.0,18.0,357.0,182.0,128.0,46.0,6.0,8.0,8.0,0.0,0.0,6.0,9.0,2.0,4.0,4.0,9.0,0.0,7.0,22.0,10.0,0.0
GRÓDECKI,722.0,10.0,625.0,7.0,34.0,6.0,0.0,10.0,1.0,0.0,8.0,1.0,0.0,591.0,10.0,0.0,2.0,0.0,441.0,2.0,0.0,2.0,9.0,40.0,3.0,1.0,10.0,4.0,4.0,25.0,341.0,80.0,32.0,7.0,8.0,1.0,9.0,23.0,3.0,0.0,3.0,0.0,9.0,4.0,0.0,1.0,4.0,3.0,3.0,3.0,0.0,15.0,0.0,1.0,0.0,2.0,2.0,22.0,11.0,3.0,5.0,91.0,66.0,22.0,2.0,0.0,0.0,0.0,0.0,0.0,0.0,0.0,0.0,1.0,1.0,2.0,1.0,1.0,3.0,1.0,0.0
JAROSŁAWSKI,1263.0,24.0,1133.0,22.0,67.0,9.0,0.0,5.0,17.0,2.0,12.0,0.0,10.0,1066.0,30.0,2.0,14.0,6.0,689.0,4.0,0.0,5.0,5.0,51.0,2.0,2.0,25.0,10.0,2.0,12.0,571.0,209.0,83.0,37.0,52.0,1.0,14.0,22.0,21.0,4.0,8.0,5.0,19.0,7.0,3.0,3.0,6.0,9.0,6.0,3.0,3.0,38.0,2.0,5.0,2.0,2.0,4.0,35.0,15.0,7.0,10.0,100.0,98.0,2.0,0.0,7.0,0.0,2.0,0.0,0.0,0.0,3.0,1.0,2.0,2.0,0.0,0.0,0.0,16.0,2.0,1.0
JAWOROWSKI,678.0,5.0,637.0,5.0,60.0,9.0,0.0,5.0,17.0,3.0,9.0,0.0,1.0,577.0,9.0,0.0,8.0,1.0,416.0,0.0,0.0,15.0,3.0,34.0,1.0,5.0,10.0,2.0,2.0,41.0,303.0,90.0,38.0,7.0,12.0,3.0,1.0,29.0,22.0,3.0,19.0,0.0,5.0,3.0,1.0,0.0,1.0,1.0,1.0,1.0,0.0,12.0,0.0,0.0,0.0,2.0,0.0,14.0,6.0,0.0,7.0,36.0,29.0,3.0,4.0,0.0,0.0,1.0,0.0,0.0,1.0,0.0,0.0,1.0,1.0,0.0,0.0,0.0,3.0,6.0,0.0
KOLBUSZOWSKI,868.0,4.0,811.0,4.0,132.0,31.0,0.0,0.0,41.0,6.0,32.0,0.0,1.0,679.0,2.0,1.0,0.0,1.0,403.0,5.0,0.0,19.0,2.0,56.0,1.0,1.0,8.0,8.0,2.0,13.0,288.0,211.0,74.0,35.0,32.0,6.0,29.0,35.0,18.0,0.0,14.0,2.0,4.0,3.0,0.0,1.0,0.0,3.0,0.0,0.0,0.0,15.0,0.0,0.0,0.0,0.0,0.0,21.0,10.0,0.0,2.0,50.0,48.0,0.0,0.0,0.0,0.0,0.0,0.0,0.0,0.0,4.0,4.0,0.0,0.0,0.0,0.0,0.0,3.0,1.0,0.0
KROŚNIEŃSKI,1209.0,27.0,1059.0,15.0,54.0,2.0,6.0,2.0,5.0,9.0,19.0,0.0,2.0,1005.0,13.0,5.0,3.0,3.0,636.0,4.0,14.0,23.0,8.0,63.0,0.0,8.0,17.0,5.0,12.0,11.0,471.0,201.0,84.0,27.0,48.0,3.0,10.0,29.0,13.0,3.0,5.0,3.0,26.0,7.0,6.0,3.0,10.0,2.0,6.0,4.0,1.0,36.0,1.0,2.0,1.0,4.0,1.0,58.0,19.0,6.0,14.0,124.0,60.0,46.0,13.0,0.0,1.0,7.0,0.0,2.0,0.0,4.0,3.0,0.0,0.0,3.0,0.0,2.0,11.0,1.0,0.0
LESKI,1080.0,17.0,974.0,17.0,99.0,2.0,0.0,42.0,28.0,9.0,14.0,0.0,1.0,875.0,3.0,0.0,1.0,0.0,664.0,3.0,0.0,20.0,9.0,54.0,0.0,10.0,13.0,6.0,11.0,36.0,502.0,135.0,45.0,24.0,25.0,3.0,15.0,23.0,8.0,1.0,7.0,0.0,13.0,4.0,2.0,1.0,6.0,3.0,3.0,2.0,1.0,18.0,0.0,0.0,0.0,4.0,1.0,14.0,6.0,0.0,14.0,92.0,81.0,0.0,5.0,0.0,0.0,0.0,0.0,0.0,0.0,0.0,0.0,0.0,0.0,0.0,0.0,0.0,14.0,0.0,0.0
LWOWSKI,953.0,7.0,853.0,6.0,62.0,24.0,0.0,1.0,11.0,1.0,15.0,0.0,2.0,791.0,9.0,0.0,2.0,1.0,659.0,0.0,0.0,6.0,11.0,106.0,0.0,1.0,20.0,7.0,5.0,20.0,483.0,59.0,37.0,1.0,2.0,1.0,2.0,16.0,0.0,0.0,0.0,0.0,9.0,5.0,1.0,2.0,1.0,0.0,2.0,2.0,0.0,13.0,0.0,1.0,0.0,0.0,0.0,35.0,21.0,9.0,5.0,95.0,92.0,0.0,2.0,0.0,0.0,0.0,0.0,0.0,0.0,1.0,1.0,0.0,0.0,2.0,0.0,2.0,2.0,0.0,0.0
LWÓW (MIASTO),7446.0,763.0,6409.0,586.0,167.0,15.0,0.0,44.0,24.0,6.0,8.0,4.0,30.0,6242.0,116.0,10.0,38.0,9.0,3022.0,10.0,0.0,107.0,147.0,598.0,22.0,141.0,234.0,12.0,44.0,119.0,1588.0,1340.0,423.0,218.0,403.0,35.0,122.0,129.0,216.0,74.0,57.0,27.0,363.0,57.0,56.0,101.0,131.0,144.0,107.0,62.0,32.0,368.0,9.0,54.0,57.0,67.0,56.0,435.0,69.0,305.0,131.0,560.0,501.0,38.0,0.0,87.0,78.0,70.0,0.0,12.0,31.0,58.0,4.0,28.0,20.0,19.0,4.0,12.0,137.0,148.0,0.0
ŁAŃCUCKI,953.0,12.0,865.0,12.0,67.0,25.0,4.0,1.0,10.0,2.0,9.0,1.0,0.0,798.0,15.0,3.0,3.0,7.0,527.0,4.0,0.0,8.0,6.0,39.0,0.0,4.0,10.0,18.0,7.0,27.0,404.0,159.0,67.0,17.0,31.0,3.0,7.0,33.0,10.0,2.0,6.0,1.0,15.0,4.0,2.0,0.0,9.0,3.0,3.0,2.0,1.0,20.0,0.0,1.0,2.0,0.0,0.0,33.0,13.0,2.0,13.0,78.0,77.0,1.0,0.0,2.0,0.0,0.0,0.0,0.0,0.0,1.0,1.0,2.0,1.0,0.0,0.0,0.0,5.0,2.0,0.0
MOŚCISKI,694.0,6.0,640.0,5.0,87.0,15.0,18.0,0.0,21.0,2.0,21.0,0.0,1.0,553.0,7.0,0.0,6.0,0.0,364.0,3.0,0.0,1.0,0.0,50.0,1.0,5.0,5.0,7.0,2.0,8.0,282.0,115.0,60.0,14.0,16.0,1.0,4.0,20.0,7.0,0.0,7.0,0.0,11.0,2.0,4.0,2.0,3.0,3.0,0.0,0.0,0.0,9.0,0.0,1.0,0.0,1.0,0.0,24.0,10.0,5.0,13.0,40.0,39.0,0.0,0.0,0.0,0.0,0.0,0.0,0.0,0.0,3.0,1.0,3.0,1.0,0.0,0.0,0.0,8.0,4.0,0.0
NIŻAŃSKI,701.0,7.0,618.0,7.0,45.0,0.0,2.0,11.0,13.0,2.0,1.0,0.0,0.0,573.0,10.0,0.0,6.0,3.0,377.0,0.0,0.0,9.0,5.0,42.0,0.0,3.0,6.0,12.0,2.0,9.0,289.0,93.0,32.0,18.0,17.0,3.0,4.0,19.0,34.0,25.0,6.0,3.0,5.0,4.0,0.0,0.0,1.0,1.0,0.0,0.0,0.0,12.0,1.0,0.0,0.0,3.0,0.0,23.0,7.0,0.0,18.0,72.0,66.0,2.0,0.0,0.0,0.0,1.0,0.0,0.0,0.0,2.0,1.0,3.0,1.0,1.0,0.0,1.0,4.0,1.0,1.0
PRZEMYSKI,2073.0,85.0,1837.0,68.0,54.0,9.0,5.0,10.0,9.0,1.0,8.0,2.0,4.0,1783.0,36.0,5.0,25.0,2.0,1112.0,5.0,0.0,15.0,20.0,150.0,5.0,26.0,47.0,9.0,13.0,62.0,760.0,332.0,119.0,42.0,85.0,10.0,27.0,49.0,38.0,5.0,22.0,6.0,46.0,12.0,10.0,8.0,15.0,15.0,16.0,12.0,4.0,69.0,1.0,9.0,9.0,8.0,5.0,97.0,24.0,42.0,22.0,186.0,178.0,7.0,0.0,11.0,5.0,4.0,0.0,1.0,1.0,9.0,0.0,6.0,4.0,3.0,0.0,0.0,12.0,11.0,0.0
PRZEWORSKI,530.0,4.0,480.0,3.0,41.0,5.0,8.0,0.0,8.0,1.0,12.0,0.0,0.0,439.0,5.0,1.0,2.0,0.0,320.0,1.0,0.0,2.0,1.0,8.0,0.0,5.0,5.0,4.0,1.0,12.0,281.0,70.0,36.0,4.0,16.0,0.0,1.0,13.0,5.0,0.0,4.0,0.0,4.0,2.0,0.0,0.0,2.0,1.0,2.0,2.0,0.0,11.0,0.0,0.0,1.0,0.0,0.0,18.0,6.0,4.0,3.0,43.0,42.0,0.0,1.0,1.0,0.0,0.0,0.0,0.0,0.0,1.0,0.0,0.0,0.0,0.0,0.0,0.0,5.0,1.0,0.0
RAWSKI (RAWA RUSKA),1307.0,15.0,1188.0,8.0,97.0,27.0,0.0,7.0,7.0,0.0,16.0,0.0,2.0,1091.0,19.0,2.0,10.0,6.0,726.0,13.0,0.0,7.0,4.0,91.0,4.0,3.0,22.0,11.0,2.0,28.0,541.0,228.0,93.0,28.0,23.0,2.0,36.0,44.0,14.0,1.0,11.0,1.0,19.0,7.0,1.0,2.0,9.0,4.0,7.0,3.0,4.0,30.0,0.0,3.0,0.0,2.0,0.0,34.0,20.0,2.0,10.0,102.0,73.0,11.0,14.0,1.0,1.0,2.0,1.0,0.0,1.0,2.0,0.0,4.0,3.0,3.0,0.0,1.0,4.0,8.0,0.0
RUDECKI,750.0,5.0,690.0,5.0,112.0,24.0,21.0,2.0,29.0,3.0,12.0,0.0,2.0,578.0,12.0,0.0,8.0,4.0,403.0,0.0,0.0,10.0,4.0,57.0,2.0,2.0,14.0,5.0,1.0,43.0,265.0,107.0,55.0,13.0,9.0,3.0,1.0,26.0,6.0,1.0,5.0,0.0,5.0,2.0,0.0,0.0,3.0,2.0,0.0,0.0,0.0,8.0,0.0,0.0,0.0,0.0,0.0,30.0,7.0,12.0,5.0,53.0,52.0,0.0,0.0,1.0,0.0,0.0,0.0,0.0,0.0,0.0,0.0,0.0,0.0,0.0,0.0,0.0,6.0,1.0,0.0
RZESZOWSKI,1935.0,84.0,1747.0,74.0,83.0,5.0,9.0,2.0,7.0,8.0,38.0,1.0,1.0,1664.0,27.0,5.0,13.0,6.0,1029.0,2.0,8.0,16.0,36.0,101.0,7.0,7.0,35.0,10.0,10.0,23.0,774.0,368.0,165.0,30.0,82.0,6.0,19.0,65.0,26.0,5.0,11.0,5.0,32.0,11.0,6.0,4.0,11.0,13.0,13.0,5.0,8.0,56.0,1.0,5.0,3.0,12.0,4.0,70.0,23.0,27.0,30.0,147.0,137.0,8.0,0.0,10.0,8.0,3.0,0.0,3.0,0.0,8.0,3.0,2.0,2.0,3.0,0.0,0.0,7.0,11.0,0.0
SAMBORSKI,980.0,14.0,888.0,13.0,31.0,6.0,1.0,10.0,3.0,4.0,4.0,0.0,3.0,857.0,20.0,1.0,16.0,0.0,529.0,9.0,0.0,13.0,4.0,45.0,2.0,15.0,15.0,6.0,6.0,17.0,307.0,164.0,61.0,24.0,30.0,2.0,11.0,36.0,22.0,9.0,13.0,0.0,20.0,8.0,2.0,4.0,6.0,4.0,11.0,10.0,1.0,31.0,1.0,3.0,0.0,5.0,0.0,38.0,16.0,4.0,18.0,78.0,74.0,2.0,0.0,0.0,0.0,1.0,0.0,0.0,1.0,2.0,0.0,0.0,0.0,3.0,0.0,2.0,8.0,2.0,0.0
SANOCKI,1248.0,23.0,1092.0,19.0,40.0,2.0,0.0,18.0,6.0,5.0,8.0,0.0,0.0,1052.0,15.0,3.0,2.0,6.0,720.0,4.0,2.0,17.0,3.0,73.0,1.0,4.0,28.0,14.0,7.0,6.0,561.0,192.0,69.0,26.0,41.0,7.0,28.0,21.0,20.0,3.0,12.0,1.0,23.0,8.0,4.0,4.0,6.0,2.0,5.0,3.0,2.0,30.0,0.0,3.0,1.0,3.0,2.0,26.0,18.0,1.0,19.0,135.0,92.0,37.0,6.0,2.0,1.0,2.0,1.0,0.0,0.0,2.0,0.0,0.0,0.0,4.0,0.0,1.0,10.0,1.0,0.0
SOKALSKI,1200.0,19.0,1113.0,19.0,158.0,87.0,0.0,2.0,16.0,4.0,13.0,1.0,14.0,955.0,21.0,1.0,11.0,9.0,601.0,7.0,0.0,13.0,7.0,74.0,6.0,3.0,27.0,15.0,6.0,16.0,427.0,224.0,96.0,27.0,46.0,4.0,8.0,42.0,25.0,0.0,10.0,6.0,15.0,6.0,3.0,3.0,3.0,2.0,1.0,1.0,0.0,25.0,1.0,3.0,0.0,2.0,0.0,34.0,16.0,3.0,7.0,76.0,67.0,3.0,0.0,1.0,0.0,1.0,0.0,0.0,1.0,0.0,0.0,2.0,1.0,0.0,0.0,0.0,7.0,5.0,0.0
TARNOBRZESKI,864.0,19.0,768.0,17.0,53.0,4.0,1.0,12.0,11.0,3.0,15.0,0.0,0.0,715.0,12.0,0.0,10.0,1.0,477.0,5.0,2.0,9.0,1.0,52.0,1.0,12.0,8.0,9.0,3.0,21.0,354.0,124.0,56.0,16.0,17.0,3.0,8.0,24.0,20.0,1.0,16.0,1.0,17.0,5.0,2.0,1.0,9.0,3.0,3.0,3.0,0.0,21.0,0.0,4.0,0.0,4.0,0.0,24.0,13.0,1.0,14.0,74.0,66.0,3.0,0.0,3.0,1.0,0.0,0.0,0.0,0.0,5.0,3.0,1.0,0.0,0.0,0.0,0.0,12.0,0.0,2.0
ŻÓŁKIEWSKI,914.0,11.0,823.0,10.0,105.0,18.0,0.0,6.0,6.0,6.0,16.0,0.0,1.0,718.0,12.0,0.0,6.0,4.0,525.0,6.0,0.0,13.0,8.0,60.0,3.0,9.0,29.0,8.0,7.0,49.0,333.0,104.0,52.0,8.0,16.0,5.0,3.0,20.0,11.0,2.0,6.0,2.0,9.0,4.0,1.0,1.0,3.0,4.0,1.0,1.0,0.0,14.0,1.0,0.0,0.0,3.0,0.0,24.0,11.0,3.0,14.0,79.0,71.0,2.0,0.0,1.0,0.0,1.0,0.0,0.0,1.0,2.0,2.0,1.0,1.0,0.0,0.0,0.0,7.0,1.0,0.0
LUBACZOWSKI,977.0,10.0,883.0,7.0,99.0,20.0,0.0,6.0,15.0,6.0,16.0,1.0,2.0,784.0,10.0,4.0,5.0,1.0,546.0,13.0,0.0,9.0,3.0,51.0,0.0,0.0,18.0,8.0,5.0,66.0,373.0,160.0,67.0,27.0,15.0,6.0,12.0,33.0,8.0,0.0,7.0,1.0,7.0,4.0,0.0,0.0,3.0,2.0,1.0,1.0,0.0,20.0,0.0,2.0,0.0,0.0,1.0,27.0,9.0,1.0,3.0,74.0,59.0,5.0,3.0,6.0,0.0,1.0,0.0,0.0,1.0,0.0,0.0,0.0,0.0,2.0,0.0,1.0,11.0,4.0,0.0
TURCZAŃSKI,574.0,8.0,514.0,8.0,41.0,0.0,0.0,32.0,0.0,2.0,0.0,0.0,0.0,473.0,4.0,0.0,0.0,0.0,377.0,10.0,0.0,5.0,0.0,26.0,0.0,2.0,10.0,4.0,5.0,4.0,311.0,56.0,23.0,7.0,8.0,1.0,2.0,15.0,3.0,1.0,1.0,1.0,6.0,3.0,1.0,1.0,1.0,3.0,2.0,2.0,0.0,6.0,0.0,0.0,0.0,1.0,0.0,10.0,2.0,0.0,6.0,51.0,44.0,2.0,5.0,1.0,0.0,0.0,0.0,0.0,0.0,0.0,0.0,0.0,0.0,0.0,0.0,0.0,8.0,1.0,0.0
BRZEZIŃSKI,2383.0,39.0,2195.0,33.0,102.0,26.0,0.0,2.0,32.0,5.0,9.0,4.0,2.0,2093.0,25.0,8.0,9.0,4.0,1300.0,1.0,0.0,44.0,15.0,246.0,16.0,25.0,50.0,6.0,21.0,12.0,864.0,490.0,121.0,81.0,184.0,9.0,52.0,38.0,48.0,9.0,31.0,1.0,45.0,13.0,9.0,6.0,14.0,10.0,13.0,10.0,3.0,50.0,2.0,3.0,2.0,4.0,5.0,90.0,21.0,50.0,22.0,143.0,125.0,6.0,9.0,6.0,6.0,8.0,0.0,6.0,0.0,5.0,4.0,4.0,3.0,0.0,0.0,0.0,16.0,14.0,0.0
KALISKI,3617.0,122.0,3372.0,101.0,230.0,54.0,15.0,6.0,72.0,9.0,31.0,0.0,11.0,3142.0,41.0,11.0,2.0,1.0,1515.0,1.0,26.0,63.0,18.0,289.0,22.0,35.0,99.0,4.0,26.0,21.0,911.0,1084.0,292.0,175.0,343.0,33.0,136.0,102.0,68.0,12.0,38.0,7.0,90.0,14.0,23.0,29.0,21.0,26.0,15.0,11.0,4.0,71.0,7.0,8.0,3.0,13.0,6.0,189.0,16.0,145.0,43.0,170.0,156.0,5.0,5.0,8.0,6.0,8.0,0.0,6.0,1.0,18.0,10.0,12.0,4.0,2.0,2.0,0.0,21.0,40.0,0.0
KOLSKI,1991.0,39.0,1863.0,37.0,234.0,47.0,0.0,0.0,86.0,9.0,38.0,0.0,10.0,1629.0,24.0,5.0,12.0,3.0,834.0,2.0,32.0,11.0,12.0,181.0,7.0,18.0,26.0,5.0,20.0,5.0,515.0,531.0,132.0,112.0,144.0,23.0,77.0,43.0,86.0,28.0,41.0,10.0,46.0,9.0,11.0,15.0,11.0,4.0,8.0,7.0,1.0,26.0,0.0,2.0,1.0,3.0,1.0,51.0,17.0,10.0,19.0,79.0,63.0,10.0,0.0,3.0,2.0,17.0,0.0,12.0,0.0,9.0,7.0,3.0,2.0,1.0,0.0,1.0,14.0,7.0,0.0
KONIŃSKI,2106.0,30.0,1947.0,29.0,79.0,45.0,0.0,0.0,10.0,5.0,11.0,0.0,1.0,1868.0,35.0,3.0,25.0,1.0,1090.0,2.0,26.0,37.0,8.0,284.0,4.0,9.0,24.0,5.0,28.0,6.0,657.0,503.0,152.0,97.0,103.0,21.0,89.0,41.0,65.0,13.0,47.0,3.0,37.0,18.0,6.0,1.0,12.0,9.0,8.0,7.0,1.0,49.0,12.0,6.0,3.0,5.0,3.0,61.0,27.0,15.0,11.0,105.0,74.0,16.0,2.0,5.0,3.0,20.0,0.0,12.0,0.0,15.0,15.0,6.0,6.0,1.0,1.0,0.0,4.0,3.0,1.0
ŁASKI,2584.0,68.0,2359.0,63.0,92.0,20.0,1.0,0.0,31.0,4.0,26.0,1.0,4.0,2267.0,39.0,5.0,13.0,0.0,1420.0,0.0,2.0,38.0,2.0,241.0,11.0,37.0,69.0,4.0,21.0,15.0,980.0,493.0,132.0,85.0,143.0,20.0,66.0,38.0,50.0,6.0,33.0,3.0,53.0,11.0,8.0,24.0,9.0,17.0,11.0,8.0,3.0,36.0,2.0,2.0,3.0,6.0,4.0,108.0,19.0,69.0,40.0,179.0,137.0,12.0,24.0,8.0,10.0,5.0,0.0,3.0,0.0,4.0,3.0,4.0,4.0,3.0,0.0,3.0,12.0,4.0,0.0
ŁĘCZYCKI,1746.0,29.0,1625.0,28.0,181.0,68.0,0.0,0.0,61.0,7.0,19.0,2.0,5.0,1444.0,28.0,5.0,10.0,4.0,887.0,15.0,15.0,27.0,7.0,160.0,12.0,10.0,29.0,1.0,20.0,3.0,588.0,337.0,95.0,57.0,103.0,12.0,39.0,30.0,29.0,2.0,21.0,2.0,32.0,9.0,5.0,10.0,8.0,8.0,8.0,5.0,3.0,34.0,1.0,0.0,0.0,3.0,2.0,57.0,10.0,37.0,24.0,70.0,67.0,1.0,2.0,4.0,5.0,27.0,0.0,25.0,0.0,7.0,7.0,2.0,2.0,1.0,0.0,1.0,5.0,5.0,0.0
ŁÓDZKI,2823.0,55.0,2542.0,52.0,36.0,10.0,0.0,0.0,14.0,3.0,3.0,1.0,1.0,2506.0,44.0,4.0,12.0,2.0,1875.0,0.0,1.0,51.0,17.0,380.0,6.0,35.0,143.0,3.0,29.0,15.0,1195.0,228.0,87.0,32.0,82.0,5.0,8.0,13.0,20.0,3.0,13.0,1.0,34.0,9.0,9.0,8.0,7.0,9.0,19.0,15.0,4.0,35.0,0.0,1.0,1.0,2.0,2.0,227.0,28.0,183.0,15.0,209.0,172.0,5.0,25.0,9.0,4.0,29.0,0.0,22.0,3.0,2.0,1.0,5.0,4.0,15.0,1.0,14.0,8.0,5.0,0.0
ŁÓDŹ (MIASTO),15369.0,1907.0,13698.0,1557.0,146.0,3.0,1.0,2.0,27.0,4.0,19.0,30.0,44.0,13552.0,187.0,11.0,7.0,7.0,6552.0,10.0,1.0,172.0,253.0,1236.0,164.0,286.0,597.0,5.0,139.0,351.0,3338.0,3929.0,1686.0,371.0,1132.0,70.0,203.0,204.0,388.0,83.0,131.0,37.0,406.0,42.0,124.0,134.0,45.0,267.0,70.0,49.0,13.0,470.0,25.0,46.0,50.0,73.0,87.0,1063.0,109.0,891.0,220.0,842.0,814.0,19.0,0.0,97.0,174.0,195.0,0.0,154.0,26.0,160.0,21.0,48.0,29.0,40.0,20.0,10.0,115.0,276.0,0.0
PIOTRKOWSKI,2509.0,41.0,2294.0,32.0,128.0,41.0,0.0,3.0,50.0,1.0,15.0,0.0,7.0,2166.0,48.0,9.0,19.0,5.0,1312.0,1.0,0.0,39.0,7.0,231.0,12.0,13.0,44.0,2.0,45.0,15.0,903.0,481.0,165.0,78.0,148.0,12.0,39.0,38.0,44.0,7.0,18.0,10.0,61.0,11.0,13.0,23.0,12.0,15.0,20.0,10.0,10.0,53.0,1.0,3.0,5.0,9.0,3.0,110.0,26.0,67.0,22.0,161.0,141.0,6.0,13.0,4.0,6.0,15.0,2.0,8.0,2.0,10.0,5.0,5.0,3.0,3.0,0.0,0.0,11.0,4.0,0.0
RADOMSZCZAŃSKI,1906.0,45.0,1813.0,44.0,115.0,41.0,1.0,4.0,30.0,1.0,21.0,0.0,4.0,1698.0,20.0,8.0,1.0,0.0,1087.0,3.0,0.0,45.0,7.0,167.0,8.0,19.0,36.0,2.0,38.0,10.0,752.0,351.0,105.0,46.0,91.0,15.0,54.0,40.0,49.0,8.0,28.0,5.0,54.0,11.0,8.0,21.0,11.0,6.0,7.0,4.0,2.0,42.0,3.0,3.0,2.0,2.0,1.0,51.0,16.0,19.0,31.0,66.0,51.0,4.0,6.0,1.0,6.0,6.0,0.0,5.0,0.0,6.0,4.0,2.0,1.0,0.0,0.0,0.0,6.0,2.0,0.0
SIERADZKI,2625.0,32.0,2431.0,27.0,149.0,64.0,13.0,0.0,24.0,3.0,36.0,3.0,4.0,2282.0,33.0,2.0,10.0,7.0,1247.0,10.0,8.0,32.0,6.0,210.0,12.0,47.0,51.0,8.0,27.0,7.0,829.0,673.0,229.0,102.0,169.0,26.0,93.0,50.0,67.0,13.0,40.0,3.0,56.0,10.0,13.0,16.0,16.0,9.0,14.0,8.0,4.0,48.0,0.0,5.0,2.0,6.0,4.0,108.0,27.0,55.0,27.0,135.0,130.0,3.0,2.0,7.0,6.0,22.0,0.0,21.0,0.0,5.0,4.0,5.0,5.0,1.0,0.0,1.0,13.0,8.0,0.0
TURECKI,1079.0,8.0,1017.0,8.0,104.0,33.0,0.0,0.0,38.0,2.0,30.0,0.0,0.0,913.0,11.0,0.0,9.0,1.0,550.0,3.0,24.0,1.0,1.0,94.0,3.0,0.0,9.0,1.0,15.0,1.0,398.0,248.0,90.0,54.0,49.0,12.0,30.0,13.0,31.0,7.0,22.0,1.0,19.0,5.0,3.0,7.0,4.0,8.0,2.0,1.0,1.0,17.0,1.0,2.0,1.0,0.0,0.0,17.0,9.0,3.0,10.0,53.0,53.0,0.0,0.0,0.0,1.0,0.0,0.0,0.0,0.0,1.0,1.0,1.0,1.0,0.0,0.0,0.0,6.0,1.0,0.0
WIELUŃSKI,2613.0,25.0,2462.0,23.0,227.0,64.0,2.0,0.0,60.0,5.0,49.0,1.0,6.0,2235.0,37.0,11.0,11.0,8.0,1196.0,4.0,4.0,25.0,4.0,221.0,0.0,48.0,11.0,1.0,26.0,42.0,810.0,717.0,155.0,95.0,233.0,25.0,134.0,75.0,64.0,7.0,38.0,14.0,45.0,13.0,4.0,16.0,11.0,8.0,5.0,4.0,1.0,34.0,4.0,3.0,0.0,3.0,1.0,76.0,30.0,22.0,53.0,99.0,93.0,6.0,0.0,3.0,6.0,13.0,6.0,7.0,0.0,13.0,7.0,3.0,2.0,1.0,0.0,1.0,13.0,1.0,0.0
POŁUDNIOWO-WARSZAWSKI,0.0,0.0,0.0,0.0,0.0,0.0,0.0,0.0,0.0,0.0,0.0,0.0,0.0,0.0,0.0,0.0,0.0,0.0,0.0,0.0,0.0,0.0,0.0,0.0,0.0,0.0,0.0,0.0,0.0,0.0,0.0,0.0,0.0,0.0,0.0,0.0,0.0,0.0,0.0,0.0,0.0,0.0,0.0,0.0,0.0,0.0,0.0,0.0,0.0,0.0,0.0,0.0,0.0,0.0,0.0,0.0,0.0,0.0,0.0,0.0,0.0,0.0,0.0,0.0,0.0,0.0,0.0,0.0,0.0,0.0,0.0,0.0,0.0,0.0,0.0,0.0,0.0,0.0,0.0,0.0,0.0
PÓŁNOCNO-WARSZAWSKI,0.0,0.0,0.0,0.0,0.0,0.0,0.0,0.0,0.0,0.0,0.0,0.0,0.0,0.0,0.0,0.0,0.0,0.0,0.0,0.0,0.0,0.0,0.0,0.0,0.0,0.0,0.0,0.0,0.0,0.0,0.0,0.0,0.0,0.0,0.0,0.0,0.0,0.0,0.0,0.0,0.0,0.0,0.0,0.0,0.0,0.0,0.0,0.0,0.0,0.0,0.0,0.0,0.0,0.0,0.0,0.0,0.0,0.0,0.0,0.0,0.0,0.0,0.0,0.0,0.0,0.0,0.0,0.0,0.0,0.0,0.0,0.0,0.0,0.0,0.0,0.0,0.0,0.0,0.0,0.0,0.0
PRASKO-WARSZAWSKI,0.0,0.0,0.0,0.0,0.0,0.0,0.0,0.0,0.0,0.0,0.0,0.0,0.0,0.0,0.0,0.0,0.0,0.0,0.0,0.0,0.0,0.0,0.0,0.0,0.0,0.0,0.0,0.0,0.0,0.0,0.0,0.0,0.0,0.0,0.0,0.0,0.0,0.0,0.0,0.0,0.0,0.0,0.0,0.0,0.0,0.0,0.0,0.0,0.0,0.0,0.0,0.0,0.0,0.0,0.0,0.0,0.0,0.0,0.0,0.0,0.0,0.0,0.0,0.0,0.0,0.0,0.0,0.0,0.0,0.0,0.0,0.0,0.0,0.0,0.0,0.0,0.0,0.0,0.0,0.0,0.0
ŚRÓDMIEJSKO-WARSZAWSKI,30103.0,3799.0,25595.0,2880.0,360.0,6.0,15.0,51.0,30.0,24.0,84.0,32.0,55.0,25235.0,416.0,32.0,32.0,6.0,11761.0,20.0,0.0,386.0,714.0,2096.0,232.0,925.0,1563.0,18.0,150.0,444.0,5213.0,5080.0,852.0,950.0,1851.0,156.0,541.0,636.0,834.0,225.0,223.0,158.0,1991.0,104.0,358.0,1217.0,162.0,793.0,338.0,231.0,62.0,1525.0,64.0,125.0,274.0,271.0,254.0,2024.0,264.0,1605.0,473.0,1926.0,1747.0,104.0,20.0,227.0,490.0,898.0,0.0,712.0,80.0,265.0,25.0,132.0,58.0,210.0,134.0,51.0,360.0,697.0,59.0
BARANOWICKI,1796.0,74.0,1594.0,67.0,178.0,35.0,1.0,14.0,9.0,6.0,7.0,6.0,25.0,1416.0,57.0,5.0,35.0,5.0,971.0,5.0,0.0,25.0,15.0,184.0,14.0,50.0,21.0,5.0,14.0,16.0,622.0,228.0,69.0,23.0,60.0,10.0,17.0,48.0,21.0,2.0,13.0,5.0,45.0,14.0,15.0,7.0,7.0,9.0,13.0,8.0,5.0,25.0,2.0,4.0,1.0,3.0,0.0,27.0,12.0,0.0,20.0,149.0,131.0,15.0,0.0,2.0,8.0,1.0,1.0,0.0,0.0,13.0,3.0,3.0,2.0,3.0,1.0,0.0,23.0,13.0,0.0
BRASŁAWSKI,1042.0,26.0,925.0,26.0,174.0,10.0,28.0,10.0,19.0,2.0,11.0,2.0,1.0,751.0,8.0,3.0,0.0,1.0,502.0,2.0,0.0,35.0,1.0,55.0,4.0,34.0,14.0,2.0,17.0,10.0,328.0,169.0,71.0,3.0,43.0,9.0,4.0,39.0,2.0,0.0,0.0,2.0,26.0,11.0,10.0,1.0,4.0,5.0,2.0,2.0,0.0,17.0,0.0,7.0,0.0,1.0,0.0,0.0,0.0,0.0,20.0,82.0,63.0,0.0,0.0,0.0,7.0,12.0,10.0,0.0,0.0,0.0,0.0,1.0,0.0,0.0,0.0,0.0,15.0,1.0,0.0
LIDZKI,1617.0,48.0,1413.0,43.0,146.0,26.0,0.0,31.0,13.0,2.0,3.0,1.0,4.0,1267.0,11.0,1.0,9.0,1.0,869.0,9.0,0.0,35.0,10.0,152.0,8.0,18.0,23.0,9.0,37.0,5.0,563.0,234.0,85.0,22.0,61.0,5.0,22.0,39.0,26.0,2.0,6.0,15.0,42.0,13.0,18.0,4.0,6.0,8.0,7.0,3.0,4.0,37.0,0.0,5.0,2.0,4.0,2.0,12.0,9.0,0.0,21.0,149.0,131.0,4.0,1.0,6.0,7.0,11.0,11.0,0.0,0.0,7.0,3.0,9.0,4.0,2.0,0.0,2.0,13.0,12.0,1.0
NIEŚWIESKI,1149.0,23.0,1055.0,23.0,135.0,55.0,0.0,0.0,7.0,7.0,7.0,12.0,8.0,920.0,14.0,3.0,7.0,1.0,644.0,7.0,0.0,12.0,0.0,68.0,10.0,67.0,13.0,2.0,20.0,12.0,433.0,149.0,60.0,8.0,19.0,7.0,3.0,52.0,8.0,1.0,4.0,3.0,24.0,6.0,7.0,0.0,11.0,7.0,3.0,1.0,2.0,29.0,4.0,3.0,2.0,3.0,0.0,26.0,7.0,4.0,16.0,71.0,61.0,3.0,0.0,1.0,3.0,4.0,4.0,0.0,0.0,4.0,2.0,1.0,1.0,0.0,0.0,0.0,10.0,12.0,0.0
NOWOGRÓDZKI,1203.0,15.0,1048.0,12.0,145.0,36.0,0.0,10.0,3.0,0.0,2.0,19.0,5.0,903.0,35.0,4.0,17.0,4.0,538.0,7.0,0.0,19.0,7.0,78.0,2.0,24.0,11.0,4.0,19.0,20.0,347.0,218.0,71.0,8.0,83.0,5.0,14.0,37.0,28.0,1.0,19.0,6.0,32.0,9.0,16.0,4.0,2.0,4.0,10.0,6.0,3.0,17.0,0.0,3.0,0.0,4.0,0.0,8.0,6.0,0.0,13.0,113.0,90.0,16.0,2.0,2.0,5.0,9.0,6.0,0.0,0.0,8.0,6.0,10.0,2.0,2.0,0.0,2.0,6.0,15.0,0.0
SŁONIMSKI,1073.0,28.0,906.0,24.0,60.0,8.0,0.0,22.0,3.0,1.0,0.0,1.0,2.0,846.0,13.0,2.0,7.0,0.0,575.0,5.0,0.0,6.0,5.0,91.0,11.0,33.0,21.0,2.0,18.0,11.0,372.0,151.0,66.0,11.0,30.0,2.0,10.0,32.0,21.0,2.0,14.0,1.0,24.0,6.0,12.0,1.0,5.0,4.0,11.0,8.0,3.0,24.0,1.0,1.0,0.0,4.0,0.0,14.0,9.0,1.0,9.0,125.0,113.0,12.0,0.0,2.0,3.0,7.0,7.0,0.0,0.0,4.0,2.0,1.0,1.0,3.0,0.0,1.0,22.0,7.0,0.0
STOŁPECKI,842.0,10.0,759.0,8.0,78.0,31.0,2.0,4.0,9.0,1.0,6.0,2.0,5.0,681.0,28.0,7.0,11.0,0.0,455.0,3.0,0.0,31.0,1.0,77.0,2.0,42.0,14.0,1.0,15.0,4.0,265.0,129.0,53.0,2.0,28.0,2.0,2.0,42.0,9.0,0.0,7.0,1.0,26.0,6.0,9.0,1.0,10.0,2.0,4.0,4.0,0.0,15.0,1.0,0.0,0.0,3.0,0.0,5.0,5.0,0.0,8.0,45.0,43.0,2.0,0.0,2.0,3.0,16.0,16.0,0.0,0.0,3.0,2.0,2.0,1.0,3.0,0.0,2.0,9.0,10.0,0.0
WOŁOŻYŃSKI,653.0,8.0,573.0,8.0,76.0,1.0,0.0,10.0,0.0,0.0,1.0,1.0,1.0,497.0,4.0,0.0,3.0,0.0,308.0,0.0,0.0,5.0,0.0,45.0,2.0,7.0,5.0,9.0,19.0,7.0,209.0,111.0,46.0,2.0,38.0,1.0,5.0,19.0,13.0,0.0,3.0,8.0,28.0,6.0,11.0,0.0,4.0,0.0,3.0,3.0,0.0,16.0,1.0,1.0,0.0,0.0,0.0,2.0,1.0,0.0,12.0,62.0,55.0,0.0,0.0,0.0,5.0,3.0,3.0,0.0,0.0,5.0,1.0,2.0,0.0,0.0,0.0,0.0,3.0,4.0,0.0
SZCZUCZYŃSKI (WOJ. NOWOGRÓDZKIE),750.0,9.0,685.0,8.0,101.0,8.0,0.0,14.0,3.0,0.0,16.0,2.0,3.0,584.0,15.0,1.0,13.0,0.0,354.0,4.0,0.0,17.0,0.0,74.0,0.0,16.0,12.0,0.0,12.0,3.0,216.0,141.0,42.0,8.0,37.0,8.0,12.0,34.0,14.0,0.0,5.0,9.0,22.0,4.0,7.0,7.0,4.0,2.0,1.0,1.0,0.0,17.0,0.0,0.0,3.0,0.0,0.0,6.0,4.0,0.0,12.0,46.0,45.0,0.0,0.0,0.0,0.0,14.0,11.0,0.0,0.0,2.0,2.0,1.0,0.0,0.0,0.0,0.0,2.0,4.0,0.0
BRZESKI (BRZEŚĆ N.BUG.),2592.0,102.0,2291.0,93.0,151.0,69.0,2.0,12.0,19.0,10.0,12.0,3.0,6.0,2140.0,33.0,11.0,8.0,0.0,1415.0,0.0,0.0,43.0,20.0,224.0,33.0,41.0,93.0,7.0,25.0,38.0,891.0,346.0,106.0,39.0,121.0,8.0,15.0,54.0,51.0,8.0,23.0,9.0,76.0,12.0,28.0,14.0,19.0,17.0,13.0,12.0,1.0,76.0,4.0,11.0,7.0,10.0,4.0,72.0,30.0,26.0,41.0,195.0,162.0,4.0,13.0,8.0,14.0,25.0,8.0,14.0,1.0,15.0,7.0,7.0,3.0,2.0,0.0,1.0,35.0,32.0,1.0
DROHICKI,619.0,5.0,547.0,5.0,55.0,6.0,0.0,4.0,16.0,3.0,2.0,7.0,6.0,492.0,6.0,3.0,2.0,0.0,349.0,0.0,0.0,5.0,0.0,44.0,2.0,20.0,7.0,1.0,13.0,8.0,249.0,79.0,40.0,10.0,8.0,0.0,5.0,16.0,4.0,0.0,4.0,0.0,14.0,4.0,7.0,0.0,2.0,5.0,5.0,5.0,0.0,19.0,0.0,2.0,0.0,0.0,0.0,4.0,2.0,0.0,7.0,48.0,44.0,4.0,0.0,2.0,3.0,13.0,12.0,1.0,0.0,3.0,0.0,0.0,0.0,0.0,0.0,0.0,3.0,5.0,0.0
KOBRYŃSKI,836.0,17.0,733.0,17.0,53.0,10.0,0.0,0.0,7.0,1.0,1.0,18.0,5.0,680.0,18.0,2.0,14.0,1.0,468.0,0.0,0.0,11.0,0.0,58.0,3.0,26.0,24.0,3.0,6.0,4.0,333.0,92.0,43.0,9.0,27.0,0.0,5.0,8.0,12.0,0.0,8.0,1.0,20.0,5.0,7.0,5.0,3.0,4.0,6.0,5.0,1.0,24.0,1.0,4.0,0.0,6.0,0.0,23.0,6.0,3.0,13.0,64.0,56.0,8.0,0.0,3.0,4.0,16.0,14.0,2.0,0.0,2.0,2.0,3.0,3.0,1.0,0.0,0.0,10.0,5.0,0.0
KOSZYRSKI,463.0,6.0,426.0,6.0,65.0,4.0,1.0,7.0,16.0,2.0,2.0,23.0,4.0,361.0,6.0,4.0,1.0,1.0,277.0,0.0,0.0,8.0,0.0,30.0,0.0,8.0,4.0,1.0,10.0,18.0,198.0,46.0,23.0,9.0,1.0,1.0,4.0,7.0,4.0,0.0,3.0,1.0,6.0,2.0,3.0,0.0,1.0,3.0,2.0,0.0,2.0,4.0,0.0,0.0,0.0,1.0,0.0,4.0,1.0,0.0,9.0,26.0,22.0,3.0,0.0,0.0,3.0,6.0,6.0,0.0,0.0,0.0,0.0,0.0,0.0,0.0,0.0,0.0,2.0,1.0,0.0
ŁUNINIECKI,771.0,18.0,650.0,16.0,66.0,1.0,4.0,25.0,9.0,1.0,3.0,16.0,2.0,584.0,5.0,1.0,2.0,0.0,469.0,0.0,0.0,2.0,5.0,60.0,1.0,25.0,8.0,5.0,15.0,4.0,344.0,53.0,24.0,2.0,9.0,2.0,4.0,12.0,6.0,0.0,6.0,0.0,13.0,5.0,7.0,1.0,0.0,5.0,8.0,1.0,7.0,6.0,0.0,0.0,0.0,1.0,0.0,14.0,6.0,0.0,5.0,95.0,80.0,13.0,0.0,1.0,7.0,0.0,0.0,0.0,0.0,3.0,0.0,0.0,0.0,1.0,0.0,0.0,14.0,4.0,1.0
PIŃSKI,1532.0,59.0,1375.0,52.0,66.0,5.0,0.0,24.0,17.0,3.0,4.0,2.0,3.0,1309.0,21.0,0.0,17.0,0.0,904.0,0.0,0.0,19.0,1.0,106.0,8.0,42.0,26.0,3.0,24.0,47.0,628.0,183.0,64.0,23.0,53.0,12.0,11.0,20.0,23.0,2.0,11.0,7.0,37.0,10.0,17.0,2.0,4.0,12.0,30.0,8.0,22.0,37.0,2.0,5.0,4.0,5.0,2.0,34.0,19.0,1.0,28.0,94.0,73.0,4.0,0.0,6.0,13.0,24.0,14.0,6.0,2.0,6.0,2.0,5.0,1.0,3.0,1.0,2.0,6.0,15.0,29.0
PRUŻAŃSKI,981.0,20.0,892.0,19.0,121.0,47.0,0.0,7.0,1.0,7.0,2.0,11.0,5.0,771.0,7.0,1.0,5.0,0.0,546.0,0.0,0.0,19.0,1.0,91.0,6.0,25.0,25.0,3.0,15.0,11.0,350.0,117.0,46.0,8.0,39.0,1.0,4.0,19.0,17.0,1.0,15.0,1.0,19.0,4.0,9.0,1.0,4.0,6.0,8.0,2.0,6.0,32.0,0.0,5.0,0.0,4.0,1.0,14.0,4.0,0.0,5.0,61.0,56.0,5.0,0.0,2.0,9.0,8.0,7.0,1.0,0.0,2.0,2.0,1.0,1.0,0.0,0.0,0.0,6.0,8.0,0.0
STOLIŃSKI,902.0,20.0,824.0,19.0,61.0,1.0,0.0,8.0,23.0,2.0,1.0,2.0,1.0,763.0,27.0,0.0,4.0,1.0,534.0,0.0,0.0,5.0,1.0,45.0,0.0,36.0,0.0,2.0,20.0,17.0,408.0,100.0,43.0,2.0,15.0,3.0,26.0,10.0,11.0,0.0,9.0,0.0,9.0,4.0,4.0,1.0,0.0,1.0,5.0,4.0,1.0,25.0,0.0,0.0,0.0,3.0,0.0,11.0,6.0,1.0,40.0,43.0,32.0,7.0,0.0,2.0,6.0,16.0,15.0,0.0,0.0,5.0,0.0,1.0,1.0,0.0,0.0,0.0,5.0,15.0,15.0
IWACEWICKI,592.0,11.0,532.0,11.0,42.0,9.0,1.0,5.0,3.0,2.0,1.0,2.0,3.0,490.0,2.0,0.0,1.0,0.0,358.0,2.0,0.0,16.0,0.0,39.0,13.0,10.0,8.0,2.0,14.0,3.0,251.0,76.0,32.0,9.0,11.0,1.0,7.0,16.0,3.0,0.0,2.0,0.0,15.0,4.0,7.0,1.0,3.0,7.0,2.0,1.0,1.0,14.0,0.0,1.0,4.0,1.0,0.0,5.0,2.0,0.0,8.0,35.0,29.0,2.0,0.0,1.0,8.0,0.0,0.0,0.0,0.0,3.0,2.0,0.0,0.0,0.0,0.0,0.0,13.0,1.0,0.0
BRODNICKI,843.0,29.0,685.0,29.0,51.0,8.0,0.0,0.0,11.0,1.0,24.0,0.0,2.0,634.0,22.0,7.0,6.0,0.0,395.0,0.0,28.0,14.0,8.0,87.0,2.0,24.0,6.0,7.0,2.0,9.0,208.0,116.0,42.0,5.0,33.0,5.0,19.0,12.0,18.0,4.0,11.0,0.0,17.0,4.0,5.0,0.0,8.0,8.0,4.0,3.0,1.0,27.0,10.0,4.0,0.0,7.0,2.0,12.0,4.0,2.0,15.0,129.0,119.0,7.0,0.0,7.0,2.0,11.0,0.0,8.0,0.0,2.0,1.0,4.0,1.0,0.0,0.0,0.0,3.0,14.0,0.0
CHEŁMIŃSKI,639.0,17.0,512.0,15.0,7.0,0.0,0.0,0.0,2.0,1.0,0.0,0.0,4.0,505.0,21.0,10.0,8.0,0.0,338.0,0.0,17.0,14.0,10.0,45.0,1.0,15.0,7.0,7.0,1.0,9.0,212.0,67.0,29.0,3.0,21.0,4.0,4.0,6.0,13.0,4.0,6.0,1.0,19.0,4.0,5.0,2.0,8.0,4.0,3.0,2.0,1.0,18.0,3.0,2.0,0.0,6.0,1.0,10.0,0.0,4.0,12.0,89.0,85.0,1.0,0.0,9.0,4.0,7.0,0.0,7.0,0.0,9.0,5.0,3.0,3.0,0.0,0.0,0.0,6.0,3.0,2.0
CHOJNICKI,945.0,58.0,781.0,48.0,79.0,0.0,0.0,2.0,18.0,4.0,11.0,0.0,3.0,702.0,27.0,3.0,19.0,0.0,438.0,2.0,7.0,33.0,9.0,80.0,5.0,17.0,9.0,6.0,8.0,10.0,252.0,130.0,66.0,2.0,22.0,8.0,21.0,11.0,13.0,3.0,9.0,0.0,23.0,6.0,8.0,1.0,8.0,8.0,7.0,5.0,2.0,17.0,2.0,4.0,1.0,8.0,1.0,18.0,7.0,6.0,21.0,130.0,119.0,10.0,1.0,9.0,3.0,6.0,0.0,6.0,0.0,4.0,1.0,2.0,2.0,0.0,0.0,0.0,10.0,10.0,0.0
DZIAŁDOWSKI,524.0,29.0,439.0,27.0,35.0,9.0,0.0,0.0,13.0,2.0,8.0,0.0,1.0,404.0,16.0,0.0,9.0,0.0,285.0,1.0,24.0,1.0,2.0,74.0,2.0,4.0,2.0,6.0,7.0,9.0,153.0,52.0,31.0,2.0,1.0,1.0,11.0,5.0,7.0,4.0,2.0,0.0,14.0,3.0,5.0,1.0,4.0,3.0,3.0,3.0,0.0,10.0,1.0,2.0,0.0,4.0,2.0,8.0,3.0,1.0,6.0,69.0,60.0,6.0,1.0,3.0,2.0,7.0,0.0,4.0,0.0,1.0,0.0,3.0,2.0,0.0,0.0,0.0,0.0,5.0,0.0
GRUDZIĄDZ (MIASTO),1257.0,108.0,1049.0,84.0,22.0,1.0,0.0,1.0,7.0,3.0,1.0,0.0,5.0,1027.0,27.0,3.0,7.0,0.0,593.0,1.0,3.0,24.0,50.0,118.0,10.0,17.0,29.0,8.0,4.0,25.0,304.0,165.0,59.0,15.0,42.0,10.0,26.0,10.0,23.0,9.0,5.0,2.0,48.0,6.0,17.0,6.0,15.0,24.0,12.0,9.0,3.0,48.0,7.0,8.0,6.0,10.0,9.0,35.0,9.0,22.0,52.0,127.0,110.0,8.0,2.0,12.0,14.0,21.0,1.0,18.0,1.0,10.0,3.0,8.0,3.0,3.0,1.0,2.0,13.0,21.0,4.0
GRUDZIĄDZKI,302.0,11.0,228.0,11.0,22.0,1.0,0.0,0.0,9.0,0.0,8.0,0.0,1.0,206.0,11.0,1.0,5.0,3.0,145.0,0.0,19.0,7.0,7.0,25.0,0.0,2.0,0.0,3.0,2.0,3.0,77.0,23.0,13.0,1.0,4.0,1.0,2.0,2.0,4.0,0.0,3.0,0.0,6.0,2.0,2.0,0.0,2.0,1.0,0.0,0.0,0.0,5.0,0.0,0.0,0.0,3.0,2.0,7.0,1.0,5.0,4.0,62.0,58.0,1.0,1.0,7.0,4.0,0.0,0.0,0.0,0.0,0.0,0.0,0.0,0.0,0.0,0.0,0.0,1.0,3.0,0.0
KARTUSKI,824.0,21.0,696.0,17.0,91.0,0.0,0.0,2.0,16.0,0.0,64.0,1.0,1.0,605.0,16.0,4.0,6.0,2.0,425.0,0.0,30.0,18.0,9.0,77.0,1.0,6.0,2.0,5.0,6.0,1.0,270.0,94.0,59.0,2.0,14.0,4.0,3.0,12.0,12.0,5.0,7.0,0.0,16.0,3.0,5.0,1.0,7.0,3.0,3.0,3.0,0.0,9.0,3.0,2.0,0.0,2.0,1.0,18.0,0.0,0.0,9.0,99.0,91.0,3.0,0.0,7.0,3.0,3.0,0.0,0.0,0.0,10.0,8.0,2.0,1.0,0.0,0.0,0.0,4.0,8.0,0.0
KOŚCIERSKI,700.0,30.0,577.0,29.0,45.0,0.0,0.0,0.0,5.0,2.0,21.0,0.0,2.0,532.0,14.0,3.0,8.0,0.0,354.0,2.0,32.0,15.0,6.0,57.0,4.0,2.0,2.0,4.0,1.0,7.0,222.0,89.0,49.0,1.0,14.0,8.0,7.0,10.0,18.0,3.0,12.0,1.0,18.0,4.0,4.0,1.0,9.0,4.0,4.0,3.0,1.0,9.0,2.0,2.0,0.0,3.0,1.0,7.0,5.0,0.0,15.0,106.0,93.0,5.0,0.0,5.0,3.0,1.0,0.0,0.0,0.0,4.0,2.0,1.0,1.0,0.0,0.0,0.0,3.0,11.0,0.0
LUBAWSKI,711.0,23.0,576.0,22.0,36.0,3.0,1.0,1.0,7.0,4.0,14.0,0.0,1.0,540.0,15.0,6.0,4.0,0.0,362.0,0.0,28.0,20.0,2.0,86.0,2.0,10.0,4.0,8.0,4.0,13.0,185.0,95.0,49.0,3.0,19.0,5.0,11.0,8.0,19.0,5.0,10.0,0.0,13.0,1.0,6.0,1.0,5.0,5.0,4.0,4.0,0.0,13.0,6.0,0.0,0.0,4.0,1.0,4.0,1.0,0.0,10.0,108.0,92.0,7.0,3.0,3.0,6.0,5.0,0.0,5.0,0.0,4.0,2.0,3.0,1.0,0.0,0.0,0.0,6.0,0.0,0.0
SĘPOLEŃSKI,391.0,26.0,318.0,25.0,26.0,2.0,0.0,0.0,7.0,2.0,11.0,0.0,0.0,292.0,13.0,2.0,1.0,1.0,179.0,0.0,8.0,7.0,8.0,25.0,0.0,2.0,2.0,4.0,1.0,5.0,117.0,47.0,27.0,0.0,7.0,0.0,6.0,7.0,4.0,0.0,4.0,0.0,15.0,3.0,6.0,1.0,5.0,3.0,2.0,2.0,0.0,14.0,1.0,6.0,0.0,5.0,0.0,9.0,3.0,3.0,6.0,62.0,59.0,3.0,0.0,5.0,3.0,2.0,1.0,0.0,0.0,0.0,0.0,0.0,0.0,0.0,0.0,0.0,1.0,14.0,0.0
STAROGARDZKI,987.0,54.0,833.0,48.0,51.0,0.0,0.0,3.0,9.0,3.0,25.0,0.0,2.0,782.0,16.0,2.0,7.0,2.0,543.0,4.0,38.0,20.0,15.0,101.0,5.0,20.0,5.0,9.0,6.0,10.0,310.0,120.0,46.0,4.0,30.0,15.0,11.0,14.0,15.0,1.0,8.0,0.0,15.0,5.0,5.0,0.0,5.0,10.0,4.0,3.0,1.0,23.0,7.0,4.0,1.0,6.0,5.0,8.0,2.0,5.0,28.0,124.0,117.0,5.0,0.0,5.0,3.0,11.0,4.0,6.0,0.0,3.0,2.0,4.0,1.0,0.0,0.0,0.0,4.0,20.0,0.0
ŚWIECKI,1071.0,45.0,860.0,41.0,76.0,0.0,9.0,3.0,13.0,3.0,33.0,0.0,2.0,784.0,39.0,8.0,20.0,2.0,510.0,4.0,11.0,35.0,11.0,88.0,4.0,9.0,7.0,8.0,7.0,14.0,312.0,135.0,87.0,4.0,18.0,5.0,11.0,10.0,16.0,5.0,9.0,0.0,26.0,7.0,5.0,2.0,12.0,3.0,7.0,5.0,2.0,18.0,4.0,3.0,2.0,5.0,0.0,11.0,5.0,4.0,19.0,164.0,155.0,5.0,1.0,10.0,3.0,14.0,5.0,6.0,0.0,10.0,9.0,4.0,2.0,0.0,0.0,0.0,6.0,16.0,1.0
TCZEWSKI,1046.0,83.0,837.0,68.0,19.0,0.0,0.0,0.0,9.0,1.0,6.0,0.0,1.0,818.0,24.0,4.0,10.0,1.0,554.0,2.0,13.0,14.0,33.0,123.0,10.0,35.0,11.0,11.0,9.0,11.0,282.0,106.0,51.0,3.0,16.0,11.0,13.0,12.0,19.0,5.0,8.0,5.0,29.0,5.0,11.0,3.0,10.0,11.0,8.0,7.0,1.0,26.0,4.0,6.0,1.0,6.0,6.0,17.0,5.0,9.0,24.0,145.0,127.0,11.0,0.0,8.0,8.0,18.0,0.0,15.0,0.0,9.0,1.0,4.0,2.0,0.0,0.0,0.0,17.0,34.0,3.0
TORUŃ (MIASTO),1343.0,179.0,1085.0,137.0,34.0,2.0,0.0,0.0,17.0,6.0,1.0,1.0,6.0,1051.0,39.0,7.0,4.0,3.0,604.0,0.0,0.0,16.0,33.0,117.0,18.0,54.0,31.0,8.0,8.0,25.0,294.0,153.0,62.0,18.0,33.0,12.0,19.0,9.0,41.0,15.0,11.0,8.0,49.0,7.0,22.0,3.0,16.0,31.0,10.0,7.0,3.0,59.0,14.0,6.0,7.0,11.0,9.0,37.0,9.0,17.0,28.0,167.0,147.0,19.0,0.0,9.0,8.0,37.0,0.0,33.0,2.0,16.0,7.0,5.0,4.0,3.0,3.0,0.0,13.0,28.0,93.0
TORUŃSKI,566.0,19.0,452.0,19.0,32.0,2.0,0.0,0.0,13.0,2.0,5.0,0.0,1.0,420.0,12.0,3.0,3.0,1.0,289.0,1.0,19.0,9.0,7.0,44.0,0.0,14.0,10.0,5.0,8.0,6.0,166.0,58.0,29.0,2.0,11.0,1.0,6.0,9.0,8.0,2.0,4.0,1.0,10.0,2.0,4.0,0.0,4.0,2.0,4.0,4.0,0.0,15.0,1.0,7.0,1.0,3.0,2.0,12.0,0.0,8.0,10.0,85.0,66.0,3.0,1.0,8.0,1.0,14.0,4.0,9.0,0.0,1.0,0.0,1.0,1.0,1.0,0.0,1.0,3.0,9.0,0.0
TUCHOLSKI,520.0,2.0,424.0,0.0,51.0,0.0,0.0,1.0,7.0,1.0,12.0,0.0,1.0,373.0,10.0,3.0,5.0,0.0,252.0,3.0,15.0,10.0,2.0,47.0,2.0,9.0,1.0,4.0,4.0,3.0,152.0,62.0,22.0,0.0,26.0,3.0,7.0,4.0,8.0,1.0,5.0,0.0,12.0,2.0,4.0,0.0,5.0,9.0,2.0,2.0,0.0,8.0,4.0,1.0,0.0,2.0,1.0,4.0,3.0,1.0,6.0,78.0,75.0,2.0,0.0,6.0,3.0,4.0,0.0,1.0,0.0,2.0,1.0,0.0,0.0,0.0,0.0,0.0,3.0,6.0,0.0
WĄBRZESKI,706.0,29.0,556.0,28.0,50.0,6.0,0.0,0.0,12.0,2.0,25.0,0.0,1.0,506.0,22.0,2.0,13.0,3.0,316.0,0.0,30.0,13.0,13.0,47.0,2.0,5.0,6.0,6.0,10.0,3.0,181.0,89.0,42.0,1.0,11.0,9.0,14.0,12.0,16.0,4.0,7.0,3.0,20.0,3.0,10.0,0.0,7.0,4.0,3.0,2.0,1.0,13.0,2.0,5.0,0.0,4.0,0.0,14.0,4.0,7.0,9.0,103.0,95.0,7.0,0.0,9.0,5.0,6.0,0.0,5.0,0.0,12.0,11.0,3.0,2.0,1.0,0.0,1.0,11.0,6.0,0.0
MORSKI,2287.0,69.0,1583.0,37.0,46.0,0.0,1.0,1.0,12.0,3.0,15.0,0.0,5.0,1537.0,18.0,3.0,4.0,0.0,1057.0,3.0,3.0,26.0,37.0,131.0,27.0,85.0,75.0,13.0,4.0,1.0,652.0,188.0,97.0,5.0,48.0,5.0,16.0,17.0,18.0,4.0,12.0,1.0,54.0,8.0,28.0,1.0,17.0,10.0,90.0,8.0,15.0,19.0,1.0,2.0,9.0,4.0,1.0,45.0,12.0,25.0,38.0,652.0,313.0,252.0,81.0,4.0,5.0,22.0,0.0,8.0,1.0,5.0,4.0,7.0,4.0,4.0,0.0,4.0,5.0,25.0,0.0
GDYNIA (MIASTO),2477.0,418.0,1977.0,250.0,21.0,0.0,0.0,0.0,2.0,5.0,1.0,2.0,9.0,1956.0,30.0,0.0,7.0,0.0,1216.0,3.0,0.0,17.0,44.0,165.0,42.0,117.0,84.0,9.0,8.0,5.0,722.0,280.0,99.0,27.0,89.0,10.0,26.0,27.0,64.0,19.0,16.0,10.0,64.0,4.0,32.0,10.0,17.0,27.0,51.0,10.0,29.0,66.0,12.0,7.0,4.0,17.0,13.0,87.0,33.0,46.0,71.0,266.0,193.0,40.0,24.0,19.0,47.0,23.0,0.0,13.0,4.0,114.0,10.0,7.0,4.0,4.0,0.0,3.0,20.0,41.0,66.0
BYDGOSKI,579.0,21.0,445.0,18.0,16.0,2.0,0.0,0.0,6.0,0.0,3.0,0.0,1.0,429.0,24.0,3.0,15.0,0.0,293.0,0.0,12.0,20.0,11.0,45.0,2.0,8.0,7.0,2.0,4.0,9.0,173.0,47.0,25.0,4.0,8.0,1.0,4.0,4.0,13.0,0.0,9.0,0.0,15.0,3.0,5.0,2.0,5.0,3.0,2.0,2.0,0.0,5.0,4.0,0.0,0.0,1.0,0.0,19.0,2.0,4.0,8.0,102.0,91.0,1.0,2.0,10.0,0.0,15.0,12.0,0.0,0.0,2.0,2.0,1.0,1.0,3.0,0.0,3.0,1.0,2.0,5.0
BYDGOSZCZ (MIASTO),2814.0,418.0,2419.0,342.0,44.0,0.0,1.0,3.0,11.0,7.0,2.0,2.0,13.0,2375.0,64.0,6.0,19.0,0.0,1281.0,2.0,0.0,47.0,42.0,290.0,16.0,53.0,133.0,11.0,11.0,27.0,649.0,436.0,164.0,43.0,120.0,38.0,41.0,29.0,90.0,21.0,29.0,4.0,107.0,12.0,52.0,14.0,23.0,61.0,50.0,20.0,25.0,123.0,16.0,16.0,24.0,24.0,18.0,87.0,13.0,51.0,76.0,264.0,243.0,19.0,0.0,24.0,30.0,14.0,0.0,8.0,3.0,25.0,9.0,12.0,8.0,6.0,3.0,2.0,20.0,74.0,85.0
CHODZIESKI,810.0,20.0,668.0,18.0,91.0,4.0,2.0,1.0,21.0,5.0,32.0,0.0,2.0,577.0,13.0,6.0,2.0,2.0,355.0,0.0,11.0,37.0,7.0,74.0,0.0,17.0,13.0,8.0,7.0,11.0,170.0,94.0,48.0,1.0,28.0,2.0,12.0,3.0,45.0,0.0,27.0,15.0,20.0,5.0,3.0,3.0,8.0,8.0,5.0,5.0,0.0,18.0,6.0,2.0,0.0,5.0,2.0,8.0,3.0,3.0,11.0,95.0,91.0,4.0,0.0,10.0,2.0,13.0,0.0,9.0,0.0,11.0,9.0,4.0,2.0,0.0,0.0,0.0,7.0,4.0,0.0
CZARNKOWSKI,641.0,12.0,538.0,12.0,54.0,0.0,3.0,1.0,22.0,3.0,7.0,0.0,5.0,484.0,12.0,3.0,4.0,3.0,346.0,2.0,18.0,23.0,5.0,81.0,1.0,16.0,6.0,6.0,3.0,2.0,183.0,71.0,39.0,0.0,12.0,2.0,12.0,6.0,6.0,0.0,6.0,0.0,6.0,2.0,2.0,0.0,2.0,5.0,2.0,2.0,0.0,9.0,4.0,3.0,0.0,2.0,0.0,11.0,5.0,3.0,16.0,83.0,81.0,2.0,0.0,7.0,2.0,3.0,0.0,0.0,0.0,4.0,0.0,1.0,0.0,0.0,0.0,0.0,3.0,1.0,0.0
GNIEŹNIEŃSKI,576.0,14.0,436.0,13.0,29.0,2.0,0.0,0.0,10.0,1.0,5.0,1.0,1.0,407.0,20.0,12.0,1.0,3.0,278.0,0.0,22.0,3.0,6.0,57.0,2.0,9.0,3.0,5.0,5.0,3.0,163.0,52.0,23.0,0.0,20.0,1.0,4.0,4.0,13.0,1.0,10.0,0.0,9.0,3.0,3.0,0.0,3.0,3.0,2.0,2.0,0.0,8.0,2.0,1.0,0.0,2.0,1.0,15.0,1.0,9.0,7.0,94.0,91.0,0.0,1.0,20.0,1.0,13.0,11.0,0.0,0.0,6.0,6.0,0.0,0.0,1.0,0.0,1.0,5.0,1.0,0.0
GOSTYŃSKI,776.0,19.0,702.0,16.0,69.0,2.0,0.0,0.0,36.0,5.0,15.0,0.0,6.0,633.0,29.0,13.0,4.0,1.0,358.0,0.0,13.0,41.0,2.0,71.0,0.0,12.0,12.0,9.0,14.0,6.0,178.0,123.0,62.0,8.0,18.0,4.0,20.0,11.0,18.0,2.0,12.0,1.0,12.0,5.0,0.0,1.0,6.0,6.0,3.0,2.0,1.0,25.0,13.0,3.0,0.0,4.0,2.0,29.0,3.0,18.0,30.0,62.0,60.0,2.0,0.0,8.0,3.0,1.0,1.0,0.0,0.0,0.0,0.0,0.0,0.0,0.0,0.0,0.0,0.0,6.0,0.0
INOWROCŁAWSKI,425.0,18.0,333.0,17.0,19.0,4.0,0.0,0.0,13.0,0.0,0.0,0.0,1.0,314.0,13.0,6.0,5.0,0.0,220.0,0.0,6.0,11.0,2.0,32.0,1.0,15.0,3.0,2.0,2.0,7.0,139.0,47.0,20.0,2.0,17.0,2.0,4.0,2.0,6.0,0.0,4.0,1.0,11.0,3.0,1.0,3.0,4.0,0.0,0.0,0.0,0.0,3.0,1.0,2.0,0.0,0.0,0.0,8.0,1.0,5.0,6.0,75.0,71.0,1.0,0.0,4.0,0.0,7.0,6.0,0.0,0.0,1.0,1.0,4.0,2.0,1.0,0.0,1.0,0.0,3.0,0.0
JAROCIŃSKI,1134.0,45.0,956.0,38.0,60.0,7.0,0.0,0.0,21.0,7.0,11.0,0.0,6.0,896.0,36.0,17.0,9.0,1.0,550.0,2.0,20.0,20.0,19.0,103.0,2.0,34.0,8.0,6.0,13.0,22.0,301.0,133.0,62.0,11.0,20.0,10.0,17.0,13.0,28.0,5.0,21.0,0.0,24.0,6.0,7.0,1.0,10.0,9.0,13.0,7.0,6.0,32.0,15.0,5.0,0.0,8.0,3.0,50.0,10.0,28.0,21.0,139.0,134.0,4.0,1.0,14.0,3.0,8.0,3.0,4.0,0.0,7.0,1.0,2.0,2.0,0.0,0.0,0.0,5.0,2.0,0.0
KĘPIŃSKI,1129.0,36.0,964.0,35.0,132.0,8.0,0.0,1.0,46.0,5.0,48.0,0.0,4.0,832.0,28.0,18.0,4.0,0.0,525.0,0.0,37.0,9.0,14.0,116.0,2.0,12.0,23.0,7.0,3.0,10.0,292.0,152.0,52.0,5.0,62.0,3.0,10.0,20.0,15.0,2.0,9.0,1.0,31.0,5.0,9.0,3.0,14.0,5.0,10.0,9.0,1.0,8.0,2.0,1.0,0.0,2.0,0.0,26.0,2.0,17.0,32.0,131.0,128.0,2.0,0.0,3.0,4.0,15.0,13.0,2.0,0.0,5.0,2.0,2.0,2.0,0.0,0.0,0.0,5.0,3.0,0.0
KOŚCIAŃSKI,1063.0,39.0,919.0,34.0,70.0,3.0,7.0,0.0,35.0,4.0,0.0,0.0,14.0,849.0,33.0,20.0,2.0,4.0,549.0,2.0,6.0,33.0,7.0,110.0,3.0,50.0,18.0,5.0,4.0,15.0,296.0,150.0,69.0,13.0,30.0,4.0,22.0,12.0,24.0,2.0,16.0,2.0,21.0,5.0,6.0,4.0,6.0,5.0,6.0,5.0,0.0,16.0,6.0,4.0,0.0,5.0,0.0,24.0,6.0,15.0,21.0,107.0,99.0,7.0,1.0,6.0,4.0,2.0,1.0,0.0,0.0,11.0,5.0,1.0,1.0,2.0,0.0,1.0,11.0,5.0,0.0
KROTOSZYŃSKI,1055.0,25.0,880.0,25.0,117.0,3.0,0.0,0.0,56.0,5.0,25.0,0.0,11.0,763.0,23.0,6.0,8.0,1.0,425.0,1.0,22.0,12.0,12.0,82.0,4.0,23.0,11.0,10.0,5.0,18.0,225.0,162.0,72.0,5.0,40.0,3.0,22.0,20.0,29.0,1.0,18.0,6.0,17.0,7.0,2.0,2.0,6.0,3.0,8.0,8.0,0.0,29.0,9.0,4.0,0.0,6.0,3.0,42.0,8.0,25.0,25.0,147.0,144.0,2.0,0.0,14.0,1.0,5.0,2.0,1.0,0.0,5.0,2.0,2.0,2.0,0.0,0.0,0.0,1.0,7.0,0.0
LESZCZYŃSKI,1139.0,69.0,954.0,59.0,126.0,6.0,3.0,0.0,38.0,5.0,24.0,1.0,12.0,828.0,26.0,12.0,5.0,2.0,488.0,2.0,3.0,19.0,14.0,92.0,2.0,47.0,38.0,4.0,4.0,11.0,252.0,156.0,62.0,16.0,39.0,5.0,18.0,16.0,26.0,3.0,15.0,0.0,23.0,4.0,5.0,8.0,6.0,14.0,6.0,5.0,1.0,25.0,9.0,5.0,3.0,5.0,1.0,25.0,4.0,12.0,39.0,133.0,118.0,6.0,9.0,5.0,7.0,14.0,3.0,10.0,0.0,11.0,3.0,3.0,3.0,1.0,0.0,1.0,11.0,6.0,0.0
MIĘDZYCHODZKI,454.0,15.0,376.0,14.0,26.0,0.0,3.0,0.0,13.0,3.0,2.0,0.0,1.0,350.0,15.0,4.0,6.0,1.0,200.0,0.0,9.0,5.0,4.0,37.0,6.0,21.0,4.0,2.0,2.0,10.0,100.0,77.0,50.0,2.0,12.0,0.0,7.0,6.0,18.0,4.0,11.0,1.0,12.0,2.0,4.0,3.0,3.0,7.0,1.0,1.0,0.0,7.0,1.0,3.0,0.0,2.0,1.0,5.0,3.0,1.0,8.0,61.0,58.0,3.0,0.0,1.0,3.0,4.0,2.0,1.0,0.0,1.0,0.0,0.0,0.0,1.0,0.0,0.0,7.0,2.0,1.0
MOGILEŃSKI,1158.0,44.0,926.0,41.0,49.0,6.0,0.0,0.0,24.0,4.0,10.0,0.0,3.0,877.0,39.0,24.0,5.0,3.0,582.0,0.0,36.0,57.0,15.0,120.0,1.0,18.0,17.0,9.0,9.0,6.0,294.0,118.0,41.0,4.0,36.0,4.0,24.0,9.0,20.0,2.0,16.0,0.0,31.0,7.0,10.0,4.0,10.0,10.0,4.0,4.0,0.0,25.0,7.0,7.0,1.0,9.0,1.0,28.0,4.0,14.0,20.0,159.0,149.0,7.0,1.0,17.0,3.0,44.0,38.0,5.0,0.0,3.0,1.0,1.0,1.0,2.0,0.0,1.0,3.0,9.0,0.0
NOWOTOMYSKI,1449.0,60.0,1246.0,53.0,169.0,4.0,12.0,0.0,23.0,5.0,53.0,1.0,9.0,1077.0,43.0,20.0,8.0,4.0,630.0,2.0,29.0,58.0,8.0,138.0,2.0,13.0,34.0,2.0,12.0,20.0,312.0,201.0,79.0,9.0,48.0,6.0,37.0,22.0,41.0,5.0,24.0,1.0,27.0,6.0,11.0,1.0,9.0,13.0,5.0,4.0,0.0,32.0,10.0,3.0,0.0,12.0,5.0,43.0,7.0,28.0,42.0,144.0,131.0,5.0,0.0,17.0,3.0,11.0,2.0,8.0,0.0,12.0,1.0,4.0,2.0,0.0,0.0,0.0,12.0,7.0,0.0
OBORNICKI,678.0,18.0,561.0,16.0,59.0,7.0,3.0,0.0,34.0,1.0,5.0,0.0,4.0,502.0,23.0,6.0,2.0,2.0,310.0,0.0,15.0,22.0,10.0,60.0,0.0,23.0,1.0,6.0,3.0,6.0,164.0,84.0,45.0,0.0,18.0,1.0,15.0,5.0,19.0,5.0,14.0,0.0,15.0,4.0,2.0,0.0,9.0,10.0,4.0,4.0,0.0,15.0,4.0,5.0,0.0,3.0,0.0,14.0,2.0,8.0,8.0,80.0,75.0,2.0,2.0,6.0,4.0,12.0,3.0,8.0,0.0,11.0,3.0,0.0,0.0,1.0,1.0,0.0,3.0,3.0,0.0
OSTROWSKI (OSTRÓW WIELKOPOLSKI),1360.0,51.0,1129.0,41.0,68.0,8.0,0.0,0.0,33.0,3.0,15.0,0.0,3.0,1061.0,31.0,17.0,6.0,3.0,711.0,2.0,26.0,28.0,15.0,182.0,0.0,9.0,34.0,4.0,3.0,10.0,398.0,170.0,74.0,8.0,59.0,4.0,16.0,8.0,23.0,4.0,13.0,5.0,32.0,8.0,11.0,4.0,9.0,6.0,11.0,9.0,2.0,27.0,7.0,6.0,1.0,7.0,2.0,27.0,5.0,18.0,23.0,187.0,176.0,7.0,0.0,8.0,2.0,17.0,1.0,15.0,0.0,8.0,3.0,3.0,2.0,0.0,0.0,0.0,6.0,8.0,0.0
POZNAŃ (MIASTO),6021.0,918.0,5084.0,691.0,82.0,3.0,2.0,4.0,14.0,8.0,7.0,3.0,30.0,5002.0,144.0,22.0,17.0,8.0,2741.0,5.0,2.0,155.0,150.0,532.0,48.0,192.0,219.0,25.0,36.0,72.0,1305.0,864.0,235.0,121.0,267.0,68.0,101.0,68.0,185.0,55.0,69.0,19.0,201.0,29.0,87.0,33.0,37.0,141.0,101.0,50.0,44.0,280.0,34.0,42.0,50.0,53.0,52.0,210.0,38.0,144.0,135.0,555.0,508.0,22.0,10.0,67.0,87.0,17.0,0.0,3.0,1.0,45.0,13.0,35.0,13.0,16.0,10.0,2.0,115.0,162.0,2.0
RAWICKI,788.0,24.0,641.0,20.0,58.0,4.0,1.0,0.0,27.0,9.0,6.0,0.0,3.0,583.0,25.0,12.0,6.0,2.0,339.0,6.0,5.0,8.0,4.0,64.0,0.0,25.0,9.0,2.0,10.0,18.0,188.0,104.0,58.0,4.0,16.0,5.0,12.0,9.0,15.0,2.0,12.0,0.0,25.0,5.0,5.0,9.0,6.0,12.0,6.0,5.0,0.0,18.0,8.0,5.0,0.0,2.0,2.0,25.0,3.0,20.0,14.0,95.0,88.0,6.0,0.0,11.0,4.0,16.0,1.0,13.0,1.0,5.0,2.0,5.0,2.0,1.0,0.0,1.0,10.0,5.0,0.0
SZAMOTULSKI,999.0,38.0,874.0,37.0,78.0,0.0,7.0,1.0,29.0,5.0,19.0,0.0,10.0,796.0,35.0,23.0,6.0,2.0,506.0,1.0,33.0,55.0,15.0,89.0,3.0,48.0,12.0,11.0,21.0,24.0,203.0,124.0,58.0,10.0,24.0,2.0,17.0,13.0,33.0,6.0,22.0,3.0,21.0,6.0,6.0,2.0,7.0,16.0,1.0,1.0,0.0,20.0,7.0,1.0,0.0,4.0,2.0,19.0,3.0,13.0,21.0,83.0,80.0,1.0,1.0,8.0,6.0,17.0,8.0,9.0,0.0,5.0,1.0,3.0,3.0,1.0,0.0,1.0,2.0,0.0,3.0
SZUBIŃSKI,618.0,14.0,507.0,14.0,49.0,6.0,0.0,0.0,16.0,4.0,12.0,0.0,2.0,458.0,24.0,8.0,5.0,5.0,288.0,0.0,11.0,23.0,10.0,44.0,2.0,11.0,3.0,6.0,4.0,10.0,164.0,67.0,39.0,0.0,15.0,2.0,7.0,4.0,23.0,2.0,20.0,1.0,17.0,3.0,5.0,0.0,9.0,7.0,2.0,2.0,0.0,9.0,4.0,2.0,0.0,3.0,0.0,9.0,3.0,3.0,12.0,73.0,69.0,4.0,0.0,12.0,8.0,12.0,8.0,3.0,0.0,4.0,2.0,0.0,0.0,0.0,0.0,0.0,2.0,3.0,0.0
ŚREDZKI,672.0,18.0,552.0,17.0,98.0,3.0,8.0,0.0,43.0,2.0,13.0,0.0,3.0,454.0,15.0,13.0,1.0,0.0,273.0,0.0,6.0,20.0,5.0,64.0,0.0,10.0,9.0,6.0,1.0,4.0,148.0,88.0,42.0,1.0,21.0,4.0,15.0,5.0,11.0,5.0,6.0,0.0,13.0,4.0,3.0,0.0,6.0,5.0,0.0,0.0,0.0,13.0,5.0,3.0,0.0,4.0,1.0,27.0,7.0,17.0,9.0,87.0,80.0,2.0,1.0,8.0,1.0,18.0,8.0,9.0,0.0,3.0,0.0,0.0,0.0,0.0,0.0,0.0,3.0,5.0,0.0
ŚREMSKI,833.0,13.0,732.0,12.0,61.0,3.0,3.0,0.0,19.0,2.0,21.0,0.0,2.0,671.0,13.0,10.0,1.0,2.0,447.0,1.0,7.0,15.0,17.0,82.0,1.0,26.0,16.0,6.0,6.0,6.0,264.0,120.0,55.0,5.0,34.0,3.0,13.0,10.0,17.0,2.0,11.0,1.0,18.0,5.0,4.0,1.0,8.0,7.0,2.0,2.0,0.0,16.0,3.0,5.0,1.0,6.0,0.0,18.0,3.0,11.0,13.0,86.0,85.0,1.0,0.0,8.0,1.0,2.0,1.0,0.0,0.0,2.0,0.0,1.0,0.0,0.0,0.0,0.0,1.0,0.0,0.0
WĄGROWIECKI,727.0,24.0,562.0,22.0,41.0,4.0,1.0,0.0,26.0,1.0,5.0,0.0,0.0,521.0,21.0,13.0,5.0,0.0,316.0,0.0,14.0,29.0,10.0,52.0,2.0,10.0,6.0,3.0,2.0,8.0,180.0,90.0,62.0,1.0,10.0,2.0,7.0,8.0,17.0,0.0,17.0,0.0,25.0,6.0,11.0,2.0,6.0,5.0,3.0,3.0,0.0,13.0,3.0,2.0,1.0,5.0,0.0,16.0,2.0,4.0,15.0,108.0,105.0,1.0,0.0,14.0,0.0,28.0,22.0,5.0,0.0,8.0,0.0,1.0,0.0,0.0,0.0,0.0,6.0,2.0,0.0
WOLSZTYŃSKI,757.0,22.0,648.0,21.0,133.0,5.0,24.0,1.0,44.0,5.0,20.0,0.0,4.0,515.0,19.0,9.0,0.0,7.0,337.0,0.0,19.0,25.0,6.0,64.0,0.0,9.0,6.0,5.0,7.0,4.0,192.0,86.0,39.0,5.0,18.0,3.0,14.0,7.0,14.0,7.0,6.0,0.0,10.0,2.0,2.0,2.0,4.0,4.0,2.0,2.0,0.0,12.0,5.0,3.0,1.0,3.0,0.0,15.0,2.0,9.0,16.0,91.0,89.0,1.0,1.0,5.0,1.0,2.0,1.0,1.0,0.0,4.0,0.0,1.0,0.0,1.0,0.0,0.0,4.0,2.0,0.0
WRZESIŃSKI,664.0,20.0,544.0,16.0,35.0,5.0,2.0,0.0,11.0,1.0,10.0,0.0,1.0,509.0,25.0,12.0,2.0,2.0,290.0,1.0,7.0,8.0,4.0,63.0,0.0,15.0,6.0,6.0,0.0,7.0,173.0,107.0,51.0,13.0,20.0,2.0,13.0,8.0,17.0,2.0,11.0,0.0,12.0,4.0,1.0,1.0,6.0,2.0,6.0,4.0,1.0,19.0,6.0,5.0,0.0,4.0,2.0,24.0,2.0,17.0,7.0,78.0,70.0,5.0,0.0,8.0,0.0,13.0,12.0,0.0,0.0,5.0,3.0,4.0,1.0,0.0,0.0,0.0,12.0,5.0,0.0
WYRZYSKI,925.0,32.0,762.0,32.0,65.0,11.0,1.0,0.0,8.0,7.0,19.0,0.0,5.0,697.0,21.0,14.0,3.0,3.0,448.0,0.0,12.0,33.0,12.0,80.0,0.0,29.0,2.0,5.0,13.0,6.0,256.0,113.0,65.0,3.0,11.0,7.0,20.0,7.0,11.0,3.0,6.0,2.0,27.0,0.0,0.0,1.0,10.0,8.0,3.0,3.0,0.0,24.0,4.0,8.0,2.0,6.0,2.0,18.0,4.0,8.0,24.0,107.0,102.0,4.0,0.0,9.0,6.0,32.0,16.0,9.0,0.0,1.0,0.0,1.0,1.0,1.0,0.0,1.0,6.0,6.0,1.0
ŻNIŃSKI,545.0,25.0,414.0,22.0,33.0,0.0,1.0,0.0,15.0,3.0,9.0,0.0,2.0,381.0,20.0,8.0,3.0,1.0,231.0,0.0,11.0,21.0,6.0,40.0,3.0,2.0,1.0,7.0,6.0,9.0,125.0,66.0,36.0,6.0,8.0,1.0,8.0,7.0,10.0,1.0,7.0,0.0,19.0,4.0,6.0,1.0,8.0,8.0,1.0,1.0,0.0,11.0,4.0,3.0,0.0,2.0,2.0,11.0,0.0,5.0,4.0,85.0,79.0,4.0,0.0,10.0,1.0,24.0,24.0,0.0,0.0,3.0,1.0,2.0,2.0,0.0,0.0,0.0,6.0,0.0,0.0
POZNAŃSKI,1044.0,19.0,878.0,17.0,46.0,0.0,0.0,0.0,16.0,1.0,15.0,0.0,5.0,832.0,21.0,8.0,2.0,1.0,638.0,0.0,8.0,23.0,17.0,183.0,0.0,11.0,15.0,7.0,4.0,3.0,367.0,55.0,23.0,0.0,23.0,2.0,5.0,2.0,11.0,4.0,6.0,1.0,18.0,5.0,2.0,3.0,7.0,9.0,1.0,0.0,1.0,4.0,1.0,1.0,0.0,1.0,0.0,58.0,11.0,34.0,17.0,121.0,105.0,7.0,5.0,7.0,1.0,15.0,9.0,1.0,0.0,10.0,4.0,3.0,0.0,1.0,0.0,1.0,8.0,2.0,0.0
GNIEZNO (MIASTO),706.0,74.0,592.0,62.0,10.0,0.0,0.0,0.0,2.0,1.0,2.0,0.0,5.0,582.0,16.0,3.0,3.0,1.0,324.0,2.0,12.0,13.0,26.0,55.0,4.0,10.0,23.0,5.0,5.0,16.0,153.0,104.0,24.0,11.0,39.0,8.0,17.0,5.0,19.0,1.0,10.0,2.0,22.0,4.0,11.0,1.0,6.0,6.0,16.0,8.0,7.0,19.0,2.0,5.0,1.0,6.0,3.0,30.0,4.0,20.0,26.0,72.0,68.0,3.0,1.0,7.0,3.0,4.0,0.0,2.0,0.0,8.0,3.0,3.0,3.0,0.0,0.0,0.0,17.0,1.0,0.0
INOWROCŁAW (MIASTO),838.0,71.0,659.0,58.0,21.0,3.0,0.0,0.0,7.0,3.0,0.0,0.0,3.0,638.0,17.0,5.0,5.0,0.0,363.0,5.0,2.0,30.0,14.0,58.0,3.0,53.0,17.0,6.0,3.0,17.0,155.0,121.0,38.0,11.0,36.0,8.0,20.0,8.0,20.0,10.0,6.0,1.0,27.0,4.0,15.0,1.0,7.0,9.0,10.0,5.0,4.0,21.0,2.0,7.0,1.0,6.0,2.0,34.0,6.0,18.0,16.0,132.0,95.0,17.0,19.0,4.0,2.0,22.0,12.0,8.0,1.0,8.0,1.0,4.0,2.0,2.0,1.0,0.0,5.0,2.0,1.0
DOLIŃSKI,1078.0,12.0,985.0,10.0,39.0,1.0,0.0,0.0,13.0,2.0,4.0,0.0,0.0,946.0,17.0,3.0,5.0,7.0,707.0,10.0,0.0,15.0,1.0,70.0,0.0,6.0,23.0,11.0,0.0,41.0,530.0,125.0,49.0,27.0,13.0,2.0,7.0,27.0,16.0,2.0,12.0,0.0,18.0,5.0,3.0,3.0,7.0,4.0,5.0,3.0,2.0,18.0,0.0,3.0,0.0,2.0,0.0,27.0,9.0,2.0,9.0,72.0,61.0,2.0,3.0,0.0,0.0,0.0,0.0,0.0,0.0,5.0,1.0,3.0,2.0,1.0,0.0,1.0,12.0,3.0,0.0
HORODEŃSKI,659.0,11.0,584.0,11.0,55.0,0.0,7.0,1.0,5.0,0.0,5.0,0.0,0.0,529.0,9.0,1.0,3.0,2.0,382.0,6.0,0.0,5.0,4.0,34.0,2.0,5.0,7.0,3.0,6.0,11.0,299.0,64.0,30.0,7.0,6.0,0.0,3.0,18.0,35.0,0.0,6.0,1.0,5.0,3.0,1.0,0.0,1.0,2.0,2.0,2.0,0.0,9.0,0.0,1.0,0.0,0.0,0.0,17.0,9.0,2.0,4.0,64.0,60.0,0.0,0.0,0.0,0.0,0.0,0.0,0.0,0.0,0.0,0.0,1.0,1.0,0.0,0.0,0.0,10.0,3.0,0.0
KAŁUSKI,741.0,6.0,684.0,6.0,25.0,0.0,0.0,5.0,5.0,4.0,5.0,0.0,2.0,659.0,11.0,0.0,10.0,1.0,474.0,4.0,0.0,9.0,0.0,29.0,0.0,3.0,5.0,2.0,4.0,34.0,384.0,112.0,51.0,14.0,15.0,1.0,7.0,24.0,13.0,0.0,10.0,3.0,7.0,3.0,1.0,1.0,2.0,3.0,1.0,1.0,0.0,15.0,0.0,1.0,0.0,2.0,2.0,20.0,14.0,0.0,3.0,43.0,39.0,2.0,0.0,0.0,1.0,0.0,0.0,0.0,0.0,1.0,1.0,1.0,0.0,0.0,0.0,0.0,11.0,4.0,0.0
KOŁOMYJSKI,1727.0,54.0,1566.0,44.0,112.0,42.0,8.0,11.0,16.0,3.0,9.0,1.0,1.0,1454.0,32.0,5.0,17.0,2.0,887.0,20.0,0.0,13.0,8.0,81.0,10.0,17.0,31.0,7.0,14.0,21.0,665.0,209.0,80.0,25.0,55.0,3.0,7.0,37.0,151.0,3.0,14.0,8.0,36.0,10.0,3.0,9.0,10.0,12.0,19.0,15.0,0.0,45.0,0.0,5.0,5.0,6.0,2.0,47.0,20.0,4.0,16.0,124.0,115.0,3.0,3.0,4.0,2.0,3.0,0.0,0.0,3.0,3.0,0.0,2.0,0.0,3.0,0.0,1.0,20.0,10.0,0.0
KOSOWSKI (KOSÓW HUCULSKI),1130.0,9.0,990.0,7.0,73.0,1.0,51.0,3.0,16.0,1.0,1.0,0.0,0.0,917.0,41.0,1.0,31.0,4.0,518.0,7.0,0.0,14.0,7.0,52.0,2.0,12.0,34.0,6.0,6.0,17.0,361.0,70.0,21.0,3.0,2.0,0.0,9.0,23.0,225.0,1.0,3.0,5.0,5.0,4.0,0.0,0.0,1.0,3.0,6.0,1.0,0.0,16.0,0.0,0.0,0.0,2.0,0.0,24.0,11.0,0.0,9.0,110.0,74.0,14.0,17.0,3.0,2.0,0.0,0.0,0.0,0.0,0.0,0.0,2.0,1.0,2.0,1.0,0.0,21.0,0.0,0.0
NADWÓRNIAŃSKI,1773.0,58.0,1237.0,20.0,44.0,3.0,1.0,27.0,4.0,2.0,2.0,0.0,1.0,1193.0,14.0,3.0,4.0,5.0,918.0,5.0,0.0,12.0,8.0,100.0,2.0,17.0,13.0,7.0,9.0,20.0,725.0,132.0,66.0,17.0,16.0,0.0,2.0,31.0,35.0,2.0,9.0,4.0,21.0,7.0,6.0,0.0,8.0,15.0,6.0,1.0,1.0,24.0,0.0,1.0,3.0,3.0,2.0,24.0,7.0,2.0,4.0,497.0,201.0,186.0,108.0,0.0,0.0,0.0,0.0,0.0,0.0,5.0,3.0,2.0,2.0,2.0,0.0,2.0,30.0,6.0,0.0
ROHATYŃSKI,1096.0,13.0,1012.0,13.0,95.0,30.0,0.0,4.0,20.0,0.0,20.0,0.0,7.0,917.0,12.0,0.0,12.0,0.0,635.0,7.0,0.0,7.0,2.0,50.0,1.0,0.0,12.0,8.0,6.0,32.0,510.0,192.0,98.0,8.0,28.0,1.0,8.0,49.0,19.0,2.0,14.0,2.0,11.0,5.0,2.0,1.0,3.0,4.0,2.0,2.0,0.0,16.0,0.0,1.0,0.0,1.0,1.0,18.0,17.0,0.0,8.0,70.0,52.0,10.0,2.0,0.0,0.0,0.0,0.0,0.0,0.0,1.0,1.0,1.0,1.0,1.0,0.0,1.0,11.0,1.0,0.0
STANISŁAWOWSKI,2492.0,125.0,2242.0,107.0,121.0,45.0,0.0,26.0,3.0,5.0,6.0,4.0,8.0,2121.0,30.0,3.0,17.0,1.0,1324.0,16.0,0.0,25.0,23.0,176.0,12.0,10.0,121.0,15.0,5.0,41.0,880.0,394.0,143.0,61.0,96.0,10.0,25.0,59.0,102.0,11.0,33.0,10.0,45.0,11.0,10.0,12.0,11.0,20.0,17.0,12.0,5.0,66.0,1.0,2.0,6.0,13.0,6.0,89.0,39.0,27.0,34.0,188.0,178.0,8.0,0.0,13.0,4.0,1.0,0.0,0.0,0.0,11.0,2.0,9.0,5.0,8.0,1.0,4.0,16.0,36.0,0.0
STRYJSKI,1785.0,54.0,1430.0,26.0,94.0,9.0,0.0,46.0,10.0,5.0,7.0,3.0,4.0,1336.0,18.0,4.0,7.0,2.0,887.0,0.0,0.0,15.0,24.0,89.0,1.0,13.0,33.0,11.0,13.0,42.0,646.0,216.0,67.0,40.0,47.0,6.0,7.0,49.0,34.0,7.0,13.0,6.0,38.0,10.0,10.0,3.0,14.0,22.0,10.0,6.0,4.0,48.0,2.0,6.0,6.0,11.0,4.0,49.0,16.0,2.0,14.0,302.0,161.0,73.0,67.0,1.0,1.0,8.0,0.0,0.0,8.0,4.0,1.0,3.0,3.0,4.0,0.0,2.0,32.0,14.0,0.0
ŚNIATYŃSKI,901.0,16.0,826.0,13.0,46.0,23.0,0.0,0.0,10.0,1.0,5.0,0.0,1.0,780.0,33.0,0.0,21.0,9.0,503.0,4.0,0.0,19.0,2.0,44.0,2.0,8.0,9.0,3.0,4.0,23.0,385.0,84.0,18.0,26.0,7.0,0.0,8.0,22.0,90.0,1.0,8.0,6.0,12.0,3.0,1.0,2.0,6.0,2.0,4.0,3.0,1.0,10.0,0.0,0.0,0.0,1.0,1.0,41.0,17.0,5.0,1.0,62.0,59.0,3.0,0.0,0.0,0.0,1.0,0.0,0.0,0.0,5.0,0.0,2.0,2.0,0.0,0.0,0.0,5.0,1.0,0.0
TŁUMACKI,903.0,7.0,821.0,6.0,89.0,49.0,2.0,0.0,7.0,2.0,20.0,0.0,2.0,732.0,13.0,2.0,10.0,0.0,529.0,5.0,0.0,11.0,2.0,59.0,1.0,10.0,15.0,4.0,6.0,10.0,406.0,120.0,55.0,19.0,14.0,1.0,4.0,27.0,23.0,0.0,12.0,9.0,8.0,4.0,2.0,0.0,2.0,1.0,1.0,0.0,0.0,17.0,0.0,0.0,0.0,2.0,0.0,19.0,8.0,6.0,1.0,66.0,63.0,1.0,0.0,5.0,0.0,1.0,0.0,0.0,1.0,0.0,0.0,0.0,0.0,0.0,0.0,0.0,10.0,3.0,0.0
ŻYDACZOWSKI,865.0,8.0,786.0,8.0,88.0,26.0,2.0,0.0,29.0,2.0,16.0,0.0,1.0,698.0,11.0,0.0,6.0,5.0,484.0,2.0,0.0,14.0,1.0,57.0,1.0,8.0,12.0,7.0,2.0,33.0,347.0,117.0,54.0,7.0,8.0,1.0,12.0,35.0,28.0,0.0,18.0,10.0,11.0,5.0,1.0,0.0,5.0,0.0,0.0,0.0,0.0,14.0,0.0,0.0,0.0,1.0,0.0,30.0,14.0,2.0,3.0,56.0,55.0,1.0,0.0,3.0,0.0,0.0,0.0,0.0,0.0,1.0,1.0,1.0,0.0,1.0,0.0,1.0,17.0,1.0,0.0
BIELSKI (BIELSKO),835.0,42.0,628.0,29.0,17.0,0.0,0.0,1.0,2.0,2.0,2.0,0.0,1.0,611.0,20.0,5.0,3.0,8.0,462.0,0.0,0.0,16.0,2.0,88.0,1.0,9.0,26.0,8.0,11.0,9.0,292.0,55.0,35.0,3.0,12.0,0.0,2.0,3.0,5.0,0.0,4.0,0.0,11.0,3.0,2.0,1.0,5.0,1.0,6.0,2.0,4.0,12.0,0.0,1.0,1.0,4.0,3.0,35.0,3.0,27.0,4.0,193.0,172.0,12.0,4.0,2.0,0.0,4.0,0.0,4.0,0.0,2.0,2.0,3.0,1.0,3.0,1.0,2.0,0.0,14.0,0.0
BIELSKO (MIASTO),1036.0,239.0,805.0,172.0,31.0,0.0,0.0,9.0,0.0,1.0,1.0,1.0,7.0,774.0,9.0,2.0,1.0,1.0,325.0,1.0,0.0,16.0,16.0,45.0,2.0,17.0,24.0,2.0,6.0,8.0,188.0,180.0,93.0,26.0,36.0,4.0,8.0,10.0,25.0,6.0,6.0,4.0,43.0,4.0,13.0,9.0,9.0,39.0,25.0,5.0,19.0,73.0,2.0,11.0,17.0,13.0,15.0,39.0,10.0,27.0,16.0,109.0,101.0,6.0,0.0,16.0,36.0,16.0,0.0,9.0,4.0,20.0,3.0,11.0,3.0,4.0,0.0,2.0,19.0,87.0,0.0
CIESZYŃSKI,1682.0,121.0,1072.0,89.0,40.0,0.0,0.0,6.0,11.0,2.0,5.0,1.0,5.0,1032.0,21.0,5.0,0.0,6.0,651.0,1.0,1.0,18.0,29.0,100.0,3.0,16.0,61.0,9.0,18.0,21.0,374.0,146.0,71.0,19.0,29.0,5.0,12.0,10.0,23.0,2.0,4.0,2.0,40.0,9.0,14.0,0.0,15.0,15.0,20.0,13.0,4.0,31.0,4.0,7.0,7.0,4.0,4.0,70.0,13.0,35.0,15.0,485.0,132.0,120.0,82.0,19.0,4.0,22.0,0.0,14.0,3.0,23.0,6.0,14.0,4.0,8.0,0.0,5.0,35.0,41.0,0.0
TARNOGÓRSKI,867.0,70.0,681.0,54.0,9.0,0.0,0.0,0.0,0.0,2.0,0.0,0.0,6.0,672.0,16.0,2.0,3.0,0.0,459.0,2.0,0.0,18.0,30.0,115.0,3.0,24.0,30.0,7.0,18.0,12.0,200.0,87.0,27.0,9.0,24.0,5.0,5.0,17.0,16.0,7.0,5.0,1.0,19.0,3.0,6.0,3.0,6.0,3.0,12.0,6.0,6.0,20.0,4.0,3.0,2.0,5.0,1.0,31.0,3.0,23.0,9.0,121.0,107.0,3.0,1.0,7.0,0.0,46.0,0.0,46.0,0.0,4.0,1.0,1.0,1.0,2.0,0.0,0.0,5.0,7.0,0.0
KATOWICE (MIASTO),4327.0,876.0,3668.0,636.0,53.0,0.0,0.0,8.0,2.0,4.0,0.0,2.0,24.0,3615.0,140.0,5.0,9.0,4.0,1988.0,15.0,1.0,69.0,188.0,428.0,11.0,175.0,191.0,23.0,63.0,52.0,772.0,666.0,367.0,56.0,126.0,18.0,46.0,49.0,130.0,41.0,19.0,12.0,174.0,18.0,71.0,37.0,24.0,56.0,57.0,25.0,28.0,235.0,20.0,39.0,31.0,22.0,56.0,79.0,29.0,24.0,90.0,302.0,275.0,15.0,0.0,57.0,91.0,46.0,0.0,20.0,6.0,50.0,13.0,28.0,18.0,7.0,3.0,1.0,78.0,141.0,0.0
KATOWICKI,1893.0,108.0,1647.0,84.0,9.0,0.0,0.0,0.0,1.0,1.0,0.0,2.0,5.0,1638.0,46.0,0.0,1.0,10.0,1242.0,12.0,1.0,28.0,110.0,285.0,7.0,88.0,114.0,32.0,33.0,25.0,507.0,157.0,44.0,12.0,48.0,8.0,23.0,22.0,27.0,9.0,12.0,1.0,55.0,11.0,22.0,11.0,10.0,15.0,14.0,10.0,4.0,30.0,4.0,3.0,2.0,5.0,5.0,17.0,5.0,10.0,35.0,160.0,154.0,2.0,0.0,10.0,8.0,25.0,0.0,25.0,0.0,14.0,8.0,23.0,7.0,1.0,0.0,0.0,5.0,14.0,0.0
LUBLINIECKI,598.0,25.0,483.0,21.0,20.0,1.0,0.0,4.0,6.0,2.0,0.0,0.0,1.0,463.0,10.0,4.0,3.0,2.0,343.0,0.0,4.0,7.0,5.0,96.0,1.0,2.0,12.0,8.0,21.0,5.0,182.0,43.0,19.0,3.0,7.0,2.0,6.0,6.0,8.0,4.0,4.0,0.0,15.0,3.0,8.0,0.0,4.0,4.0,2.0,2.0,0.0,8.0,1.0,4.0,0.0,2.0,0.0,27.0,3.0,11.0,3.0,95.0,85.0,2.0,0.0,2.0,2.0,2.0,0.0,1.0,0.0,8.0,3.0,1.0,1.0,3.0,0.0,2.0,2.0,8.0,0.0
PSZCZYŃSKI,2040.0,131.0,1677.0,94.0,96.0,3.0,0.0,0.0,10.0,0.0,72.0,0.0,3.0,1581.0,60.0,11.0,13.0,9.0,1158.0,5.0,3.0,16.0,45.0,248.0,5.0,33.0,78.0,24.0,36.0,24.0,641.0,189.0,63.0,17.0,56.0,4.0,27.0,22.0,14.0,5.0,7.0,1.0,50.0,8.0,18.0,2.0,20.0,9.0,8.0,7.0,1.0,30.0,6.0,2.0,1.0,7.0,4.0,38.0,14.0,11.0,25.0,307.0,286.0,12.0,2.0,16.0,3.0,9.0,0.0,7.0,0.0,4.0,3.0,10.0,6.0,4.0,2.0,1.0,10.0,12.0,0.0
RYBNICKI,2688.0,115.0,2156.0,95.0,20.0,2.0,0.0,0.0,3.0,9.0,0.0,0.0,6.0,2136.0,110.0,9.0,15.0,17.0,1464.0,14.0,3.0,48.0,61.0,351.0,4.0,54.0,94.0,34.0,29.0,15.0,757.0,295.0,104.0,41.0,77.0,6.0,36.0,31.0,50.0,15.0,26.0,0.0,54.0,12.0,21.0,6.0,14.0,8.0,17.0,14.0,3.0,50.0,6.0,12.0,3.0,13.0,7.0,47.0,18.0,16.0,41.0,454.0,318.0,18.0,9.0,15.0,8.0,8.0,0.0,6.0,0.0,5.0,1.0,21.0,11.0,2.0,0.0,2.0,19.0,17.0,0.0
ŚWIĘTOCHŁOWICKI,2236.0,94.0,2007.0,55.0,9.0,0.0,0.0,0.0,0.0,0.0,0.0,0.0,8.0,1998.0,30.0,0.0,4.0,1.0,1470.0,9.0,0.0,35.0,171.0,218.0,12.0,140.0,216.0,12.0,47.0,40.0,570.0,285.0,72.0,79.0,97.0,12.0,33.0,41.0,36.0,9.0,13.0,4.0,63.0,13.0,24.0,18.0,8.0,19.0,12.0,8.0,4.0,22.0,1.0,5.0,1.0,5.0,5.0,12.0,4.0,2.0,49.0,161.0,152.0,0.0,0.0,7.0,1.0,20.0,0.0,19.0,0.0,5.0,2.0,21.0,12.0,5.0,0.0,1.0,9.0,4.0,0.0
CHORZÓW,2603.0,290.0,2316.0,211.0,40.0,0.0,0.0,1.0,1.0,6.0,1.0,1.0,17.0,2276.0,58.0,0.0,7.0,3.0,1489.0,11.0,0.0,49.0,100.0,314.0,15.0,125.0,150.0,19.0,36.0,37.0,633.0,389.0,150.0,52.0,82.0,24.0,47.0,31.0,74.0,26.0,18.0,2.0,74.0,10.0,39.0,15.0,7.0,22.0,29.0,14.0,15.0,60.0,1.0,7.0,9.0,11.0,16.0,28.0,14.0,6.0,53.0,186.0,178.0,4.0,0.0,13.0,19.0,31.0,0.0,30.0,0.0,7.0,2.0,15.0,10.0,4.0,0.0,1.0,12.0,20.0,0.0
BORSZCZOWSKI,1014.0,11.0,944.0,11.0,113.0,54.0,2.0,1.0,24.0,4.0,14.0,0.0,1.0,831.0,3.0,0.0,2.0,0.0,608.0,12.0,0.0,7.0,2.0,95.0,0.0,1.0,25.0,4.0,10.0,7.0,445.0,153.0,74.0,18.0,12.0,0.0,6.0,42.0,11.0,2.0,8.0,0.0,7.0,5.0,0.0,0.0,2.0,6.0,2.0,2.0,0.0,13.0,0.0,1.0,0.0,1.0,0.0,23.0,16.0,4.0,5.0,67.0,62.0,3.0,1.0,0.0,0.0,0.0,0.0,0.0,0.0,0.0,0.0,0.0,0.0,2.0,0.0,2.0,1.0,5.0,0.0
BRODZKI,1056.0,18.0,942.0,16.0,135.0,47.0,1.0,0.0,40.0,4.0,18.0,2.0,2.0,807.0,18.0,2.0,13.0,0.0,519.0,2.0,1.0,14.0,2.0,89.0,5.0,11.0,6.0,12.0,3.0,26.0,348.0,152.0,60.0,5.0,35.0,6.0,19.0,27.0,18.0,6.0,6.0,0.0,12.0,5.0,3.0,1.0,3.0,4.0,7.0,6.0,1.0,30.0,0.0,2.0,4.0,5.0,1.0,31.0,9.0,4.0,16.0,82.0,75.0,6.0,0.0,8.0,1.0,5.0,2.0,0.0,1.0,1.0,1.0,2.0,0.0,2.0,0.0,0.0,13.0,4.0,0.0
BRZEŻAŃSKI,863.0,17.0,804.0,17.0,90.0,36.0,0.0,9.0,14.0,3.0,5.0,0.0,4.0,714.0,4.0,0.0,3.0,0.0,548.0,3.0,0.0,6.0,4.0,58.0,2.0,2.0,23.0,4.0,9.0,24.0,413.0,96.0,55.0,7.0,8.0,1.0,2.0,23.0,9.0,2.0,4.0,1.0,11.0,5.0,2.0,0.0,4.0,2.0,9.0,8.0,1.0,16.0,0.0,3.0,0.0,3.0,0.0,13.0,12.0,0.0,6.0,54.0,51.0,1.0,0.0,0.0,0.0,0.0,0.0,0.0,0.0,1.0,1.0,0.0,0.0,1.0,0.0,1.0,3.0,3.0,0.0
BUCZACKI,1259.0,11.0,1157.0,11.0,102.0,60.0,0.0,0.0,5.0,3.0,2.0,0.0,2.0,1055.0,23.0,0.0,0.0,22.0,722.0,12.0,0.0,26.0,2.0,61.0,3.0,10.0,37.0,3.0,9.0,17.0,542.0,186.0,92.0,17.0,21.0,3.0,9.0,44.0,25.0,3.0,12.0,7.0,13.0,7.0,3.0,1.0,2.0,2.0,7.0,6.0,1.0,22.0,0.0,2.0,2.0,3.0,1.0,40.0,18.0,11.0,15.0,87.0,81.0,2.0,0.0,0.0,2.0,0.0,0.0,0.0,0.0,7.0,0.0,1.0,1.0,1.0,0.0,1.0,4.0,2.0,0.0
CZORTKOWSKI,918.0,28.0,835.0,27.0,65.0,45.0,0.0,0.0,5.0,0.0,5.0,1.0,1.0,770.0,7.0,0.0,3.0,2.0,489.0,7.0,0.0,6.0,7.0,67.0,1.0,2.0,18.0,5.0,6.0,13.0,357.0,168.0,66.0,22.0,32.0,6.0,8.0,32.0,16.0,2.0,10.0,2.0,12.0,4.0,1.0,1.0,6.0,2.0,6.0,5.0,1.0,29.0,0.0,8.0,2.0,2.0,1.0,27.0,13.0,9.0,14.0,66.0,59.0,3.0,0.0,0.0,2.0,0.0,0.0,0.0,0.0,3.0,2.0,1.0,1.0,2.0,0.0,0.0,9.0,5.0,0.0
KAMIONECKI,681.0,2.0,632.0,2.0,45.0,13.0,0.0,2.0,14.0,2.0,5.0,0.0,1.0,587.0,6.0,0.0,4.0,1.0,404.0,3.0,0.0,2.0,1.0,50.0,1.0,0.0,12.0,3.0,4.0,11.0,317.0,108.0,72.0,4.0,10.0,0.0,2.0,20.0,9.0,0.0,9.0,0.0,15.0,3.0,2.0,3.0,7.0,2.0,0.0,0.0,0.0,17.0,0.0,0.0,0.0,2.0,1.0,21.0,9.0,1.0,5.0,42.0,42.0,0.0,0.0,0.0,0.0,0.0,0.0,0.0,0.0,0.0,0.0,1.0,1.0,0.0,0.0,0.0,6.0,1.0,0.0
PODHAJECKI,777.0,4.0,718.0,4.0,63.0,28.0,0.0,0.0,18.0,3.0,1.0,0.0,2.0,655.0,17.0,0.0,17.0,0.0,472.0,1.0,0.0,9.0,0.0,38.0,0.0,0.0,6.0,3.0,1.0,22.0,392.0,101.0,22.0,41.0,5.0,1.0,5.0,27.0,10.0,1.0,9.0,0.0,10.0,4.0,2.0,2.0,2.0,1.0,1.0,1.0,0.0,12.0,0.0,2.0,0.0,2.0,1.0,16.0,8.0,3.0,15.0,55.0,50.0,2.0,0.0,1.0,0.0,0.0,0.0,0.0,0.0,0.0,0.0,2.0,2.0,0.0,0.0,0.0,1.0,2.0,0.0
PRZEMYŚLAŃSKI,717.0,1.0,656.0,1.0,52.0,27.0,0.0,0.0,8.0,0.0,14.0,0.0,0.0,604.0,11.0,0.0,7.0,4.0,419.0,4.0,0.0,2.0,0.0,47.0,2.0,11.0,9.0,6.0,2.0,20.0,316.0,112.0,51.0,4.0,14.0,1.0,5.0,34.0,19.0,0.0,7.0,0.0,5.0,3.0,1.0,0.0,1.0,0.0,1.0,1.0,0.0,10.0,0.0,0.0,0.0,2.0,0.0,13.0,10.0,1.0,14.0,54.0,53.0,1.0,0.0,1.0,0.0,1.0,0.0,0.0,1.0,0.0,0.0,0.0,0.0,0.0,0.0,0.0,5.0,0.0,0.0
RADZIECHOWSKI,757.0,16.0,695.0,16.0,73.0,35.0,1.0,2.0,19.0,0.0,13.0,0.0,2.0,622.0,19.0,2.0,4.0,13.0,409.0,3.0,0.0,6.0,10.0,61.0,1.0,1.0,3.0,4.0,3.0,22.0,295.0,119.0,66.0,4.0,4.0,2.0,9.0,34.0,27.0,0.0,26.0,1.0,9.0,4.0,1.0,0.0,4.0,0.0,1.0,1.0,0.0,12.0,0.0,2.0,0.0,0.0,0.0,22.0,9.0,2.0,4.0,49.0,47.0,1.0,0.0,1.0,2.0,3.0,3.0,0.0,0.0,1.0,0.0,1.0,1.0,0.0,0.0,0.0,5.0,2.0,0.0
SKAŁACKI,961.0,15.0,875.0,15.0,126.0,87.0,0.0,0.0,10.0,2.0,16.0,0.0,4.0,749.0,3.0,1.0,1.0,0.0,495.0,19.0,0.0,6.0,10.0,66.0,2.0,2.0,8.0,8.0,11.0,16.0,347.0,163.0,76.0,15.0,21.0,3.0,6.0,42.0,8.0,3.0,5.0,0.0,11.0,3.0,2.0,0.0,6.0,1.0,6.0,4.0,2.0,20.0,0.0,3.0,0.0,0.0,0.0,32.0,11.0,13.0,10.0,75.0,71.0,0.0,0.0,1.0,0.0,0.0,0.0,0.0,0.0,1.0,0.0,2.0,0.0,0.0,0.0,0.0,7.0,3.0,0.0
TARNOPOLSKI,1590.0,43.0,1432.0,36.0,151.0,94.0,0.0,0.0,9.0,3.0,10.0,0.0,1.0,1281.0,18.0,1.0,10.0,0.0,737.0,5.0,0.0,9.0,12.0,101.0,5.0,11.0,25.0,9.0,10.0,9.0,541.0,296.0,122.0,27.0,53.0,10.0,24.0,57.0,40.0,7.0,26.0,0.0,22.0,8.0,6.0,1.0,7.0,8.0,15.0,9.0,6.0,43.0,1.0,5.0,2.0,6.0,0.0,69.0,11.0,42.0,33.0,136.0,126.0,3.0,0.0,3.0,4.0,2.0,0.0,0.0,2.0,2.0,0.0,4.0,2.0,2.0,0.0,0.0,5.0,14.0,0.0
TREMBOWELSKI,751.0,4.0,700.0,4.0,96.0,68.0,0.0,0.0,8.0,4.0,3.0,0.0,0.0,604.0,4.0,0.0,1.0,1.0,451.0,9.0,0.0,1.0,1.0,46.0,0.0,2.0,12.0,8.0,10.0,21.0,341.0,96.0,52.0,7.0,5.0,2.0,8.0,22.0,9.0,1.0,7.0,1.0,11.0,6.0,1.0,0.0,4.0,2.0,2.0,0.0,1.0,8.0,0.0,0.0,0.0,0.0,0.0,18.0,7.0,3.0,3.0,46.0,45.0,1.0,0.0,2.0,0.0,0.0,0.0,0.0,0.0,0.0,0.0,1.0,1.0,0.0,0.0,0.0,2.0,3.0,0.0
ZALESZCZYCKI,803.0,16.0,707.0,9.0,64.0,34.0,2.0,0.0,4.0,1.0,6.0,0.0,0.0,643.0,128.0,1.0,122.0,3.0,323.0,3.0,0.0,8.0,7.0,63.0,0.0,14.0,18.0,4.0,4.0,1.0,201.0,99.0,46.0,9.0,12.0,1.0,4.0,27.0,21.0,3.0,9.0,2.0,5.0,2.0,1.0,0.0,2.0,2.0,9.0,9.0,0.0,17.0,0.0,0.0,1.0,3.0,0.0,28.0,11.0,10.0,11.0,79.0,54.0,5.0,18.0,0.0,0.0,6.0,0.0,0.0,2.0,1.0,0.0,5.0,2.0,0.0,0.0,0.0,5.0,1.0,0.0
ZBARASKI,569.0,10.0,529.0,10.0,131.0,77.0,0.0,0.0,33.0,2.0,8.0,0.0,0.0,398.0,1.0,0.0,0.0,1.0,281.0,2.0,0.0,3.0,4.0,22.0,2.0,0.0,7.0,3.0,6.0,2.0,230.0,60.0,23.0,2.0,15.0,1.0,5.0,14.0,8.0,0.0,7.0,0.0,7.0,3.0,1.0,1.0,2.0,3.0,5.0,4.0,1.0,8.0,0.0,2.0,0.0,0.0,1.0,24.0,7.0,10.0,1.0,38.0,38.0,0.0,0.0,1.0,0.0,0.0,0.0,0.0,0.0,0.0,0.0,1.0,1.0,0.0,0.0,0.0,0.0,1.0,0.0
ZBOROWSKI,826.0,3.0,771.0,3.0,111.0,42.0,0.0,0.0,18.0,2.0,10.0,0.0,2.0,660.0,5.0,2.0,2.0,1.0,448.0,4.0,0.0,9.0,0.0,52.0,5.0,0.0,10.0,9.0,5.0,17.0,337.0,141.0,76.0,10.0,10.0,0.0,8.0,37.0,6.0,0.0,6.0,0.0,9.0,4.0,2.0,2.0,1.0,2.0,1.0,1.0,0.0,16.0,0.0,2.0,0.0,0.0,0.0,29.0,13.0,10.0,3.0,45.0,42.0,1.0,0.0,2.0,0.0,0.0,0.0,0.0,0.0,2.0,0.0,1.0,1.0,0.0,0.0,0.0,5.0,1.0,0.0
ZŁOCZOWSKI,1064.0,15.0,949.0,15.0,57.0,22.0,0.0,2.0,10.0,2.0,5.0,0.0,3.0,892.0,24.0,0.0,21.0,2.0,605.0,6.0,0.0,12.0,6.0,54.0,2.0,10.0,9.0,7.0,3.0,15.0,481.0,157.0,79.0,6.0,21.0,1.0,4.0,45.0,18.0,2.0,11.0,1.0,16.0,6.0,2.0,4.0,4.0,2.0,7.0,6.0,0.0,28.0,0.0,1.0,0.0,5.0,1.0,24.0,12.0,0.0,11.0,97.0,93.0,2.0,0.0,10.0,0.0,3.0,0.0,0.0,3.0,0.0,0.0,0.0,0.0,0.0,0.0,0.0,5.0,4.0,0.0
KOPYCZYNIECKI,964.0,14.0,896.0,14.0,117.0,64.0,13.0,0.0,10.0,0.0,14.0,1.0,0.0,779.0,21.0,0.0,14.0,7.0,562.0,13.0,0.0,13.0,5.0,76.0,3.0,8.0,16.0,3.0,11.0,16.0,398.0,109.0,55.0,12.0,11.0,3.0,2.0,24.0,11.0,0.0,10.0,0.0,7.0,4.0,0.0,0.0,3.0,2.0,2.0,2.0,0.0,16.0,0.0,0.0,1.0,2.0,0.0,38.0,23.0,7.0,11.0,65.0,65.0,0.0,0.0,0.0,0.0,1.0,0.0,0.0,1.0,0.0,0.0,0.0,0.0,0.0,0.0,0.0,2.0,5.0,0.0
BŁOŃSKI,2113.0,33.0,1900.0,30.0,57.0,26.0,2.0,0.0,7.0,7.0,4.0,0.0,3.0,1843.0,19.0,2.0,3.0,0.0,1107.0,2.0,0.0,35.0,0.0,238.0,8.0,49.0,71.0,4.0,25.0,6.0,669.0,441.0,93.0,78.0,152.0,6.0,85.0,27.0,49.0,14.0,25.0,3.0,46.0,12.0,9.0,16.0,9.0,13.0,23.0,17.0,6.0,33.0,0.0,0.0,1.0,3.0,4.0,87.0,4.0,55.0,25.0,127.0,118.0,1.0,6.0,5.0,6.0,54.0,0.0,51.0,3.0,1.0,1.0,9.0,8.0,2.0,0.0,1.0,9.0,4.0,0.0
CIECHANOWSKI,994.0,25.0,938.0,22.0,48.0,26.0,1.0,0.0,5.0,1.0,14.0,0.0,1.0,890.0,12.0,4.0,4.0,1.0,618.0,1.0,25.0,8.0,4.0,77.0,3.0,40.0,7.0,4.0,3.0,2.0,444.0,174.0,43.0,35.0,55.0,4.0,21.0,16.0,12.0,1.0,8.0,2.0,16.0,3.0,6.0,0.0,7.0,0.0,5.0,4.0,0.0,17.0,0.0,2.0,1.0,6.0,0.0,25.0,3.0,13.0,11.0,35.0,34.0,1.0,0.0,1.0,4.0,6.0,0.0,5.0,0.0,1.0,0.0,2.0,1.0,0.0,0.0,0.0,7.0,6.0,0.0
GOSTYNIŃSKI,1221.0,10.0,1141.0,10.0,89.0,19.0,8.0,1.0,22.0,2.0,19.0,0.0,0.0,1052.0,11.0,1.0,4.0,3.0,679.0,3.0,12.0,13.0,0.0,68.0,4.0,66.0,5.0,2.0,7.0,5.0,494.0,250.0,60.0,31.0,55.0,6.0,71.0,27.0,27.0,11.0,13.0,1.0,20.0,3.0,4.0,7.0,6.0,7.0,5.0,3.0,2.0,10.0,2.0,0.0,0.0,1.0,1.0,23.0,2.0,1.0,20.0,54.0,53.0,0.0,0.0,0.0,0.0,5.0,2.0,0.0,0.0,6.0,4.0,13.0,2.0,0.0,0.0,0.0,2.0,1.0,0.0
GRÓJECKI,1927.0,13.0,1797.0,12.0,273.0,44.0,166.0,0.0,12.0,9.0,29.0,0.0,0.0,1524.0,13.0,4.0,3.0,0.0,885.0,1.0,0.0,18.0,9.0,172.0,7.0,11.0,41.0,7.0,20.0,10.0,589.0,437.0,99.0,92.0,141.0,10.0,66.0,29.0,48.0,4.0,31.0,1.0,39.0,9.0,5.0,14.0,11.0,3.0,4.0,3.0,1.0,28.0,0.0,0.0,0.0,0.0,0.0,53.0,17.0,22.0,14.0,102.0,98.0,0.0,1.0,0.0,3.0,7.0,1.0,6.0,0.0,10.0,9.0,4.0,3.0,0.0,0.0,0.0,4.0,2.0,0.0
KUTNOWSKI,1700.0,51.0,1589.0,45.0,106.0,35.0,1.0,0.0,25.0,6.0,12.0,1.0,3.0,1483.0,24.0,8.0,7.0,0.0,892.0,1.0,14.0,37.0,13.0,136.0,8.0,155.0,14.0,7.0,29.0,10.0,468.0,350.0,79.0,59.0,125.0,9.0,40.0,38.0,37.0,10.0,17.0,5.0,33.0,4.0,9.0,14.0,5.0,7.0,13.0,9.0,4.0,27.0,2.0,2.0,3.0,1.0,4.0,66.0,11.0,34.0,34.0,63.0,54.0,7.0,1.0,3.0,6.0,25.0,0.0,23.0,0.0,3.0,2.0,5.0,2.0,2.0,1.0,1.0,4.0,5.0,0.0
LIPNOWSKI,1065.0,14.0,991.0,13.0,100.0,54.0,5.0,0.0,18.0,9.0,9.0,0.0,0.0,891.0,13.0,6.0,4.0,0.0,553.0,7.0,29.0,14.0,0.0,116.0,7.0,7.0,15.0,2.0,15.0,3.0,338.0,228.0,72.0,49.0,50.0,9.0,28.0,20.0,21.0,4.0,4.0,11.0,20.0,7.0,4.0,6.0,3.0,1.0,3.0,2.0,1.0,14.0,0.0,2.0,0.0,2.0,0.0,19.0,8.0,0.0,19.0,52.0,50.0,1.0,0.0,2.0,4.0,6.0,1.0,5.0,0.0,4.0,4.0,1.0,1.0,0.0,0.0,0.0,5.0,3.0,0.0
ŁOWICKI,1092.0,25.0,1002.0,24.0,145.0,36.0,32.0,0.0,19.0,2.0,29.0,2.0,1.0,857.0,15.0,6.0,3.0,0.0,511.0,3.0,0.0,13.0,4.0,64.0,4.0,28.0,20.0,4.0,9.0,3.0,359.0,193.0,48.0,20.0,65.0,3.0,34.0,23.0,24.0,4.0,13.0,2.0,25.0,7.0,4.0,10.0,4.0,4.0,8.0,6.0,2.0,22.0,1.0,2.0,1.0,3.0,1.0,39.0,9.0,26.0,16.0,64.0,62.0,2.0,0.0,3.0,2.0,8.0,0.0,6.0,1.0,4.0,3.0,4.0,2.0,1.0,0.0,0.0,4.0,3.0,0.0
MAKOWSKI (MAKÓW MAZOWIECKI),866.0,10.0,790.0,10.0,74.0,44.0,1.0,0.0,6.0,6.0,16.0,0.0,1.0,716.0,5.0,2.0,1.0,2.0,412.0,1.0,6.0,14.0,1.0,86.0,10.0,17.0,9.0,6.0,7.0,5.0,250.0,229.0,50.0,36.0,60.0,9.0,46.0,28.0,18.0,5.0,11.0,0.0,16.0,3.0,2.0,4.0,7.0,2.0,2.0,2.0,0.0,14.0,0.0,2.0,0.0,0.0,0.0,14.0,1.0,0.0,4.0,51.0,51.0,0.0,0.0,0.0,6.0,7.0,0.0,7.0,0.0,8.0,8.0,1.0,1.0,0.0,0.0,0.0,3.0,1.0,0.0
MIŃSKI,1681.0,26.0,1569.0,25.0,141.0,34.0,0.0,0.0,47.0,5.0,43.0,2.0,4.0,1428.0,29.0,0.0,4.0,0.0,862.0,5.0,0.0,36.0,5.0,177.0,7.0,62.0,60.0,4.0,16.0,7.0,483.0,345.0,97.0,50.0,97.0,13.0,53.0,29.0,42.0,3.0,31.0,1.0,30.0,9.0,7.0,8.0,6.0,1.0,8.0,7.0,1.0,33.0,0.0,2.0,1.0,4.0,0.0,38.0,11.0,9.0,40.0,86.0,84.0,1.0,1.0,0.0,4.0,8.0,0.0,8.0,0.0,8.0,8.0,0.0,0.0,0.0,0.0,0.0,6.0,1.0,0.0
MŁAWSKI,1425.0,30.0,1340.0,28.0,93.0,44.0,0.0,0.0,6.0,3.0,12.0,0.0,5.0,1247.0,51.0,2.0,32.0,0.0,731.0,1.0,0.0,20.0,1.0,115.0,12.0,82.0,15.0,2.0,15.0,6.0,462.0,328.0,72.0,56.0,108.0,9.0,51.0,32.0,38.0,6.0,24.0,1.0,27.0,7.0,4.0,12.0,4.0,2.0,8.0,7.0,1.0,21.0,1.0,3.0,0.0,6.0,2.0,30.0,17.0,7.0,11.0,50.0,45.0,5.0,0.0,6.0,2.0,14.0,2.0,11.0,0.0,10.0,7.0,1.0,0.0,2.0,0.0,0.0,0.0,2.0,0.0
NIESZAWSKI,1656.0,70.0,1396.0,20.0,123.0,43.0,46.0,0.0,23.0,4.0,5.0,0.0,0.0,1273.0,36.0,2.0,30.0,0.0,870.0,14.0,18.0,36.0,14.0,179.0,11.0,47.0,23.0,2.0,12.0,6.0,508.0,204.0,59.0,28.0,66.0,5.0,24.0,22.0,20.0,2.0,13.0,1.0,28.0,11.0,8.0,2.0,7.0,2.0,11.0,7.0,3.0,21.0,4.0,0.0,0.0,7.0,1.0,49.0,2.0,35.0,32.0,204.0,77.0,105.0,20.0,1.0,6.0,25.0,0.0,20.0,0.0,9.0,5.0,4.0,3.0,3.0,1.0,2.0,8.0,2.0,0.0
PŁOCKI,1885.0,60.0,1680.0,42.0,132.0,42.0,0.0,0.0,18.0,6.0,31.0,1.0,2.0,1548.0,22.0,6.0,7.0,1.0,918.0,9.0,10.0,25.0,8.0,158.0,9.0,125.0,23.0,6.0,34.0,21.0,490.0,343.0,92.0,69.0,108.0,8.0,40.0,26.0,55.0,12.0,38.0,0.0,46.0,10.0,10.0,11.0,14.0,16.0,13.0,8.0,5.0,41.0,2.0,2.0,2.0,11.0,2.0,78.0,15.0,40.0,16.0,122.0,110.0,10.0,0.0,8.0,20.0,32.0,5.0,25.0,0.0,7.0,6.0,5.0,3.0,2.0,0.0,0.0,9.0,10.0,0.0
PŁOŃSKI,1056.0,14.0,976.0,14.0,65.0,30.0,4.0,0.0,16.0,2.0,11.0,0.0,0.0,911.0,26.0,4.0,7.0,4.0,539.0,4.0,14.0,15.0,12.0,98.0,7.0,46.0,19.0,18.0,0.0,4.0,302.0,224.0,50.0,47.0,58.0,9.0,40.0,20.0,24.0,4.0,16.0,3.0,12.0,5.0,2.0,1.0,3.0,7.0,4.0,4.0,0.0,15.0,0.0,0.0,0.0,4.0,0.0,47.0,8.0,24.0,13.0,50.0,45.0,2.0,0.0,3.0,2.0,13.0,2.0,9.0,0.0,8.0,8.0,1.0,1.0,0.0,0.0,0.0,3.0,5.0,0.0
PRZASNYCKI,706.0,10.0,641.0,10.0,40.0,26.0,1.0,0.0,0.0,1.0,9.0,0.0,1.0,601.0,9.0,2.0,2.0,0.0,373.0,3.0,9.0,8.0,2.0,46.0,3.0,16.0,11.0,2.0,9.0,2.0,262.0,132.0,33.0,11.0,46.0,4.0,21.0,17.0,16.0,2.0,12.0,0.0,16.0,4.0,2.0,7.0,3.0,2.0,6.0,4.0,2.0,12.0,0.0,2.0,0.0,1.0,1.0,14.0,6.0,2.0,21.0,48.0,46.0,0.0,0.0,1.0,1.0,10.0,2.0,5.0,0.0,4.0,4.0,1.0,1.0,0.0,0.0,0.0,0.0,1.0,0.0
PUŁTUSKI,1807.0,33.0,1647.0,28.0,117.0,57.0,1.0,2.0,20.0,7.0,13.0,2.0,3.0,1530.0,15.0,4.0,5.0,0.0,957.0,3.0,12.0,22.0,6.0,166.0,22.0,54.0,59.0,8.0,8.0,3.0,594.0,368.0,80.0,78.0,121.0,10.0,48.0,29.0,41.0,5.0,30.0,5.0,46.0,7.0,11.0,21.0,7.0,9.0,10.0,9.0,0.0,31.0,0.0,3.0,1.0,1.0,1.0,44.0,16.0,13.0,9.0,117.0,102.0,4.0,9.0,0.0,3.0,11.0,0.0,10.0,0.0,11.0,9.0,4.0,3.0,0.0,0.0,0.0,14.0,2.0,0.0
RADZYMIŃSKI,1446.0,12.0,1306.0,11.0,45.0,8.0,0.0,0.0,18.0,3.0,15.0,0.0,0.0,1261.0,14.0,3.0,6.0,1.0,870.0,1.0,48.0,22.0,3.0,141.0,48.0,19.0,5.0,4.0,11.0,3.0,565.0,212.0,62.0,35.0,73.0,4.0,24.0,13.0,26.0,3.0,16.0,1.0,25.0,7.0,3.0,12.0,3.0,14.0,13.0,7.0,6.0,18.0,0.0,1.0,0.0,0.0,3.0,56.0,2.0,36.0,13.0,108.0,78.0,0.0,29.0,1.0,2.0,20.0,0.0,19.0,1.0,1.0,0.0,4.0,3.0,0.0,0.0,0.0,4.0,2.0,0.0
RAWSKI (RAWA MAZOWIECKA),1095.0,11.0,1009.0,9.0,120.0,61.0,4.0,1.0,18.0,5.0,29.0,0.0,0.0,889.0,14.0,5.0,3.0,1.0,535.0,2.0,0.0,16.0,0.0,116.0,8.0,33.0,10.0,2.0,7.0,4.0,337.0,228.0,47.0,51.0,65.0,10.0,27.0,28.0,23.0,1.0,18.0,1.0,21.0,5.0,2.0,8.0,6.0,3.0,3.0,3.0,0.0,14.0,1.0,1.0,1.0,0.0,0.0,33.0,14.0,1.0,15.0,65.0,61.0,0.0,4.0,0.0,1.0,5.0,1.0,4.0,0.0,6.0,3.0,0.0,0.0,0.0,0.0,0.0,9.0,1.0,0.0
RYPIŃSKI,1060.0,26.0,992.0,23.0,103.0,39.0,15.0,0.0,25.0,3.0,18.0,0.0,3.0,889.0,36.0,5.0,8.0,7.0,524.0,5.0,33.0,17.0,6.0,92.0,16.0,59.0,9.0,2.0,4.0,3.0,278.0,238.0,54.0,46.0,68.0,10.0,40.0,20.0,25.0,3.0,15.0,2.0,12.0,3.0,3.0,0.0,6.0,1.0,4.0,1.0,3.0,15.0,1.0,2.0,2.0,2.0,0.0,22.0,8.0,2.0,12.0,45.0,41.0,2.0,0.0,1.0,4.0,9.0,3.0,5.0,0.0,6.0,4.0,2.0,2.0,0.0,0.0,0.0,1.0,5.0,0.0
SIERPECKI,1351.0,13.0,1276.0,13.0,129.0,58.0,31.0,0.0,17.0,4.0,17.0,0.0,0.0,1147.0,37.0,7.0,24.0,0.0,569.0,1.0,19.0,16.0,1.0,114.0,4.0,35.0,19.0,1.0,12.0,3.0,344.0,401.0,79.0,73.0,108.0,17.0,85.0,39.0,26.0,6.0,14.0,4.0,22.0,5.0,4.0,6.0,7.0,1.0,8.0,8.0,0.0,24.0,0.0,2.0,1.0,2.0,1.0,32.0,22.0,5.0,27.0,47.0,43.0,3.0,0.0,2.0,6.0,15.0,3.0,11.0,0.0,4.0,4.0,1.0,0.0,0.0,0.0,0.0,0.0,9.0,0.0
SKIERNIEWICKI,860.0,19.0,785.0,18.0,43.0,9.0,3.0,0.0,4.0,2.0,20.0,0.0,1.0,742.0,14.0,5.0,2.0,1.0,467.0,6.0,0.0,13.0,3.0,81.0,3.0,6.0,8.0,1.0,12.0,2.0,332.0,161.0,43.0,22.0,48.0,7.0,28.0,12.0,22.0,5.0,13.0,0.0,20.0,4.0,5.0,7.0,4.0,7.0,6.0,4.0,2.0,15.0,0.0,1.0,0.0,2.0,3.0,21.0,2.0,6.0,9.0,43.0,39.0,3.0,1.0,4.0,2.0,22.0,1.0,20.0,1.0,1.0,0.0,2.0,2.0,0.0,0.0,0.0,1.0,1.0,0.0
SOCHACZEWSKI,958.0,15.0,884.0,15.0,127.0,26.0,32.0,0.0,23.0,2.0,37.0,0.0,2.0,757.0,19.0,3.0,11.0,1.0,474.0,7.0,3.0,8.0,4.0,66.0,2.0,34.0,20.0,2.0,5.0,3.0,320.0,170.0,42.0,25.0,65.0,6.0,20.0,12.0,17.0,4.0,8.0,0.0,13.0,5.0,3.0,2.0,3.0,2.0,4.0,4.0,0.0,11.0,0.0,0.0,0.0,0.0,1.0,33.0,0.0,20.0,14.0,51.0,42.0,0.0,0.0,3.0,2.0,9.0,0.0,9.0,0.0,5.0,3.0,3.0,3.0,1.0,0.0,0.0,0.0,3.0,0.0
WARSZAWSKI,6576.0,95.0,5818.0,85.0,155.0,13.0,19.0,1.0,48.0,12.0,37.0,2.0,8.0,5663.0,42.0,1.0,11.0,6.0,4253.0,1.0,1.0,90.0,73.0,768.0,43.0,190.0,365.0,12.0,46.0,7.0,2657.0,509.0,157.0,70.0,220.0,2.0,33.0,27.0,50.0,10.0,33.0,6.0,180.0,29.0,40.0,91.0,20.0,43.0,60.0,52.0,8.0,67.0,2.0,0.0,0.0,2.0,6.0,399.0,34.0,296.0,60.0,452.0,309.0,10.0,125.0,4.0,11.0,215.0,0.0,198.0,13.0,5.0,3.0,16.0,11.0,22.0,13.0,5.0,33.0,7.0,1.0
WŁOCŁAWSKI,2190.0,112.0,1949.0,95.0,106.0,41.0,5.0,0.0,19.0,4.0,19.0,0.0,6.0,1843.0,28.0,8.0,5.0,0.0,1043.0,5.0,6.0,27.0,19.0,212.0,7.0,10.0,44.0,6.0,22.0,21.0,664.0,457.0,116.0,86.0,136.0,13.0,67.0,39.0,83.0,16.0,34.0,18.0,47.0,11.0,8.0,9.0,19.0,8.0,19.0,11.0,7.0,56.0,8.0,2.0,7.0,11.0,1.0,75.0,11.0,38.0,27.0,149.0,137.0,11.0,1.0,9.0,12.0,35.0,4.0,29.0,1.0,7.0,3.0,10.0,3.0,3.0,0.0,2.0,16.0,33.0,18.0
DUBIEŃSKI,2104.0,40.0,1901.0,38.0,230.0,135.0,42.0,0.0,15.0,5.0,12.0,0.0,4.0,1671.0,13.0,4.0,6.0,1.0,1091.0,9.0,0.0,32.0,1.0,158.0,4.0,24.0,51.0,9.0,29.0,36.0,738.0,355.0,152.0,30.0,70.0,14.0,24.0,64.0,42.0,3.0,32.0,1.0,43.0,13.0,16.0,5.0,9.0,9.0,7.0,6.0,1.0,39.0,1.0,4.0,0.0,4.0,0.0,53.0,23.0,3.0,19.0,151.0,139.0,6.0,0.0,3.0,10.0,1.0,0.0,0.0,0.0,6.0,2.0,2.0,0.0,4.0,0.0,4.0,26.0,53.0,0.0
HOROCHOWSKI,1297.0,10.0,1197.0,10.0,140.0,88.0,0.0,0.0,17.0,9.0,17.0,0.0,6.0,1057.0,9.0,0.0,2.0,7.0,697.0,13.0,0.0,6.0,4.0,90.0,0.0,46.0,19.0,4.0,13.0,19.0,483.0,240.0,68.0,38.0,30.0,9.0,47.0,48.0,22.0,2.0,20.0,0.0,15.0,5.0,6.0,4.0,0.0,4.0,4.0,3.0,1.0,25.0,0.0,5.0,1.0,0.0,2.0,33.0,14.0,3.0,8.0,80.0,76.0,1.0,0.0,0.0,8.0,1.0,1.0,0.0,0.0,2.0,0.0,1.0,0.0,0.0,0.0,0.0,8.0,4.0,0.0
KOWELSKI,2226.0,52.0,1990.0,49.0,179.0,83.0,4.0,4.0,33.0,12.0,13.0,10.0,8.0,1811.0,11.0,1.0,3.0,3.0,1280.0,1.0,0.0,14.0,4.0,184.0,3.0,25.0,60.0,6.0,25.0,21.0,937.0,295.0,106.0,40.0,65.0,3.0,33.0,46.0,29.0,3.0,17.0,6.0,49.0,13.0,15.0,5.0,15.0,5.0,23.0,9.0,14.0,42.0,0.0,5.0,2.0,6.0,2.0,39.0,19.0,3.0,38.0,178.0,143.0,6.0,1.0,3.0,12.0,2.0,2.0,0.0,0.0,10.0,5.0,3.0,3.0,1.0,0.0,0.0,27.0,11.0,0.0
KRZEMIENIECKI,2398.0,68.0,2176.0,65.0,299.0,154.0,34.0,2.0,10.0,5.0,33.0,19.0,3.0,1877.0,10.0,2.0,4.0,2.0,1188.0,14.0,0.0,43.0,6.0,215.0,6.0,13.0,49.0,5.0,39.0,12.0,786.0,396.0,139.0,52.0,68.0,10.0,23.0,104.0,62.0,12.0,43.0,2.0,47.0,11.0,18.0,14.0,4.0,13.0,11.0,7.0,4.0,35.0,0.0,4.0,3.0,3.0,4.0,72.0,33.0,8.0,43.0,144.0,122.0,17.0,0.0,4.0,14.0,4.0,4.0,0.0,0.0,8.0,4.0,9.0,3.0,1.0,0.0,0.0,38.0,9.0,0.0
LUBOMELSKI,659.0,8.0,599.0,8.0,88.0,11.0,2.0,0.0,14.0,0.0,6.0,2.0,8.0,511.0,13.0,0.0,8.0,5.0,339.0,0.0,0.0,3.0,0.0,41.0,3.0,9.0,14.0,2.0,8.0,3.0,256.0,98.0,31.0,29.0,14.0,8.0,3.0,12.0,17.0,0.0,6.0,4.0,7.0,2.0,2.0,0.0,3.0,2.0,1.0,1.0,0.0,8.0,0.0,1.0,1.0,0.0,0.0,12.0,5.0,0.0,14.0,32.0,29.0,1.0,0.0,1.0,3.0,6.0,6.0,0.0,0.0,1.0,1.0,5.0,1.0,0.0,0.0,0.0,12.0,4.0,4.0
ŁUCKI,3217.0,81.0,2904.0,73.0,300.0,190.0,8.0,1.0,24.0,10.0,16.0,30.0,5.0,2604.0,25.0,2.0,7.0,4.0,1649.0,13.0,0.0,56.0,11.0,223.0,11.0,49.0,80.0,5.0,28.0,32.0,1141.0,576.0,185.0,89.0,149.0,9.0,60.0,79.0,51.0,8.0,27.0,8.0,77.0,13.0,33.0,15.0,15.0,14.0,32.0,11.0,20.0,51.0,2.0,4.0,2.0,8.0,3.0,90.0,26.0,5.0,39.0,226.0,199.0,11.0,1.0,14.0,16.0,8.0,4.0,1.0,1.0,13.0,9.0,12.0,5.0,7.0,1.0,5.0,17.0,35.0,12.0
RÓWIEŃSKI,3337.0,164.0,2957.0,143.0,333.0,204.0,34.0,3.0,19.0,7.0,23.0,5.0,8.0,2624.0,37.0,2.0,15.0,0.0,1620.0,28.0,0.0,52.0,5.0,275.0,13.0,26.0,73.0,8.0,45.0,34.0,1061.0,514.0,175.0,61.0,127.0,20.0,53.0,74.0,90.0,10.0,45.0,10.0,84.0,14.0,45.0,9.0,13.0,29.0,43.0,11.0,32.0,63.0,1.0,4.0,7.0,9.0,6.0,128.0,37.0,41.0,26.0,278.0,225.0,27.0,0.0,13.0,24.0,4.0,0.0,1.0,1.0,20.0,5.0,11.0,6.0,9.0,2.0,3.0,21.0,53.0,3.0
WŁODZIMIERSKI,1748.0,39.0,1583.0,36.0,252.0,135.0,13.0,2.0,52.0,2.0,8.0,22.0,7.0,1331.0,13.0,1.0,1.0,4.0,856.0,9.0,0.0,12.0,3.0,112.0,5.0,63.0,54.0,4.0,21.0,26.0,547.0,280.0,97.0,53.0,67.0,2.0,17.0,44.0,33.0,1.0,18.0,6.0,34.0,5.0,13.0,7.0,9.0,6.0,6.0,4.0,2.0,40.0,1.0,2.0,1.0,2.0,2.0,44.0,19.0,6.0,19.0,112.0,104.0,1.0,0.0,5.0,3.0,8.0,0.0,2.0,0.0,4.0,1.0,5.0,2.0,1.0,0.0,0.0,27.0,15.0,1.0
KOSTOPOLSKI,1259.0,16.0,1094.0,16.0,102.0,13.0,0.0,6.0,13.0,1.0,11.0,10.0,38.0,992.0,25.0,0.0,23.0,1.0,686.0,5.0,0.0,15.0,0.0,77.0,1.0,19.0,11.0,3.0,6.0,22.0,527.0,176.0,75.0,23.0,40.0,3.0,23.0,11.0,7.0,0.0,4.0,1.0,20.0,5.0,11.0,1.0,3.0,5.0,3.0,2.0,1.0,25.0,0.0,0.0,0.0,2.0,1.0,31.0,13.0,0.0,14.0,128.0,116.0,6.0,1.0,1.0,13.0,3.0,3.0,0.0,0.0,4.0,1.0,4.0,1.0,1.0,0.0,1.0,11.0,4.0,2.0
ZDOŁBUNOWSKI,1291.0,21.0,1191.0,20.0,191.0,57.0,109.0,0.0,6.0,1.0,4.0,1.0,3.0,1000.0,12.0,3.0,8.0,0.0,675.0,4.0,0.0,12.0,5.0,98.0,2.0,6.0,46.0,5.0,29.0,13.0,455.0,162.0,73.0,14.0,32.0,0.0,9.0,33.0,28.0,4.0,6.0,7.0,24.0,5.0,8.0,4.0,7.0,8.0,15.0,6.0,8.0,23.0,1.0,4.0,2.0,2.0,1.0,41.0,17.0,7.0,12.0,75.0,66.0,0.0,0.0,2.0,3.0,0.0,0.0,0.0,0.0,3.0,1.0,5.0,3.0,0.0,0.0,0.0,12.0,7.0,0.0
SARNEŃSKI,1258.0,38.0,1118.0,35.0,77.0,0.0,0.0,27.0,17.0,4.0,1.0,7.0,1.0,1041.0,10.0,0.0,1.0,6.0,729.0,2.0,0.0,7.0,1.0,89.0,0.0,54.0,4.0,10.0,22.0,11.0,529.0,157.0,72.0,15.0,34.0,0.0,10.0,26.0,26.0,1.0,13.0,0.0,35.0,7.0,14.0,1.0,9.0,8.0,9.0,7.0,2.0,25.0,0.0,0.0,0.0,0.0,1.0,31.0,6.0,1.0,11.0,102.0,93.0,9.0,0.0,2.0,7.0,10.0,8.0,0.0,0.0,2.0,0.0,4.0,2.0,2.0,0.0,2.0,11.0,13.0,0.0
OSZMIAŃSKI,965.0,14.0,852.0,14.0,199.0,6.0,4.0,17.0,22.0,2.0,11.0,8.0,3.0,653.0,11.0,1.0,5.0,0.0,408.0,0.0,0.0,3.0,0.0,52.0,2.0,14.0,7.0,2.0,12.0,5.0,311.0,154.0,52.0,10.0,30.0,7.0,13.0,42.0,7.0,0.0,7.0,0.0,28.0,7.0,14.0,3.0,4.0,4.0,4.0,3.0,1.0,17.0,0.0,4.0,0.0,0.0,0.0,11.0,10.0,0.0,9.0,78.0,68.0,6.0,0.0,0.0,6.0,18.0,18.0,0.0,0.0,4.0,4.0,3.0,2.0,1.0,0.0,1.0,3.0,2.0,0.0
ŚWIĘCIAŃSKI,1142.0,30.0,958.0,28.0,161.0,4.0,22.0,30.0,14.0,0.0,19.0,6.0,8.0,797.0,14.0,7.0,5.0,0.0,567.0,0.0,0.0,16.0,0.0,64.0,6.0,17.0,12.0,8.0,27.0,18.0,399.0,142.0,69.0,1.0,15.0,7.0,4.0,46.0,8.0,1.0,6.0,1.0,27.0,12.0,11.0,0.0,3.0,6.0,6.0,4.0,2.0,14.0,0.0,3.0,0.0,2.0,1.0,3.0,2.0,0.0,10.0,137.0,105.0,16.0,4.0,1.0,0.0,21.0,20.0,0.0,1.0,3.0,2.0,4.0,2.0,7.0,0.0,7.0,11.0,1.0,0.0
WILNO (MIASTO),4946.0,497.0,4062.0,399.0,176.0,12.0,8.0,54.0,18.0,6.0,34.0,4.0,16.0,3886.0,61.0,5.0,7.0,2.0,2217.0,34.0,0.0,57.0,43.0,415.0,57.0,42.0,196.0,11.0,39.0,39.0,1284.0,720.0,158.0,89.0,276.0,18.0,78.0,86.0,126.0,35.0,54.0,16.0,182.0,24.0,85.0,41.0,20.0,94.0,112.0,40.0,71.0,161.0,6.0,13.0,32.0,31.0,21.0,112.0,28.0,34.0,101.0,582.0,502.0,56.0,1.0,37.0,35.0,54.0,3.0,35.0,6.0,52.0,13.0,17.0,9.0,22.0,7.0,9.0,85.0,89.0,1.0
DZIŚNIEŃSKI,1325.0,37.0,1185.0,37.0,181.0,9.0,0.0,15.0,5.0,0.0,7.0,5.0,5.0,1004.0,18.0,3.0,10.0,0.0,671.0,8.0,0.0,23.0,3.0,92.0,6.0,28.0,17.0,5.0,22.0,8.0,459.0,190.0,77.0,3.0,45.0,6.0,6.0,53.0,11.0,0.0,7.0,3.0,48.0,10.0,20.0,5.0,13.0,6.0,3.0,2.0,1.0,21.0,0.0,3.0,1.0,0.0,0.0,5.0,5.0,0.0,31.0,87.0,74.0,1.0,0.0,3.0,15.0,17.0,16.0,0.0,0.0,1.0,1.0,3.0,2.0,2.0,0.0,2.0,12.0,0.0,0.0
WILEJSKI,886.0,16.0,799.0,16.0,112.0,2.0,0.0,19.0,4.0,0.0,4.0,10.0,1.0,687.0,20.0,3.0,17.0,0.0,489.0,0.0,0.0,10.0,0.0,55.0,1.0,19.0,13.0,5.0,17.0,14.0,355.0,95.0,47.0,1.0,16.0,3.0,5.0,23.0,21.0,0.0,21.0,0.0,21.0,8.0,8.0,1.0,3.0,1.0,2.0,2.0,0.0,17.0,0.0,0.0,0.0,1.0,0.0,7.0,2.0,0.0,14.0,60.0,56.0,2.0,2.0,2.0,6.0,13.0,12.0,0.0,1.0,1.0,0.0,1.0,1.0,1.0,0.0,1.0,3.0,5.0,1.0
WILEŃSKO-TROCKI,1214.0,4.0,1027.0,2.0,108.0,12.0,9.0,19.0,24.0,0.0,11.0,12.0,1.0,919.0,5.0,1.0,3.0,0.0,754.0,0.0,1.0,19.0,6.0,83.0,0.0,4.0,16.0,10.0,18.0,10.0,587.0,90.0,50.0,0.0,7.0,1.0,6.0,26.0,2.0,1.0,1.0,0.0,24.0,16.0,5.0,0.0,3.0,5.0,3.0,2.0,1.0,8.0,0.0,0.0,0.0,0.0,0.0,9.0,3.0,1.0,19.0,141.0,126.0,6.0,0.0,0.0,7.0,19.0,19.0,0.0,0.0,5.0,3.0,2.0,0.0,0.0,0.0,0.0,13.0,3.0,1.0
POSTAWSKI,564.0,9.0,481.0,8.0,55.0,1.0,2.0,9.0,7.0,0.0,7.0,2.0,4.0,426.0,4.0,3.0,0.0,0.0,318.0,0.0,0.0,6.0,0.0,27.0,0.0,20.0,9.0,4.0,10.0,6.0,236.0,77.0,33.0,3.0,11.0,2.0,3.0,25.0,2.0,0.0,2.0,0.0,17.0,7.0,7.0,0.0,3.0,0.0,1.0,1.0,0.0,2.0,0.0,1.0,0.0,0.0,0.0,3.0,1.0,2.0,2.0,49.0,42.0,5.0,0.0,2.0,3.0,13.0,13.0,0.0,0.0,1.0,1.0,2.0,0.0,1.0,0.0,1.0,12.0,0.0,0.0
MOŁODECZAŃSKI,832.0,16.0,735.0,16.0,109.0,4.0,14.0,14.0,5.0,0.0,1.0,0.0,2.0,626.0,10.0,0.0,7.0,0.0,417.0,0.0,0.0,10.0,0.0,69.0,0.0,8.0,10.0,4.0,7.0,4.0,305.0,126.0,48.0,5.0,24.0,6.0,14.0,29.0,26.0,1.0,8.0,17.0,20.0,7.0,11.0,1.0,1.0,1.0,3.0,2.0,1.0,10.0,0.0,2.0,0.0,1.0,0.0,4.0,3.0,0.0,9.0,66.0,61.0,0.0,1.0,1.0,9.0,10.0,10.0,0.0,0.0,3.0,0.0,2.0,1.0,0.0,0.0,0.0,6.0,1.0,0.0
